0.21
0.36
0.20
0.17
0.21
0.42
0.46
0.28
0.08
0.32
0.21
0.30
0.29
0.24
0.22
0.10
0.28
0.29
0.28
0.17
0.14
0.21
0.29
0.18
0.08
0.16
0.22
0.26
0.20
0.14
0.07
0.13
0.16
0.22
0.16
0.41
0.09
0.22
0.14
0.17
0.21
0.11
0.22
0.16
0.22
0.06
0.29
0.29
0.08
0.20
0.09
0.25
0.15
0.12
0.12
0.09
0.11
0.12
0.14
0.10
0.23
0.12
0.30
0.45
0.08
0.07
0.12
0.08
0.11
0.16
0.02
0.14
0.19
0.07
0.14
0.28
0.06
0.15
0.04
0.17
0.14
0.31
0.13
0.12
0.13
0.13
0.08
0.03
0.37
0.10
0.07
0.03
0.02
0.09
0.17
0.03
0.30
0.04
0.06
0.11
0.02
0.07
0.18
0.14
0.35
0.01
0.06
0.07
0.10
0.03
0.06
0.04
0.00
0.06
0.11
0.10
0.04
0.09
0.02
0.04
0.03
0.08
0.02
0.02
0.01
0.09
0.02
0.03
0.07
0.03
0.01
0.07
0.00
0.00
0.00
0.00
0.00
0.05
0.00
0.01
0.00
0.00
0.00
0.00
0.00
0.00
0.00
0.00
0.00
0.02
0.01
0.00
0.00
0.00
0.00
0.00
0.00
0.00
0.00
0.00
0.00
0.00
0.07
0.00
0.00
0.00
0.00
0.00
0.00
0.00
0.00
0.00
0.00
0.00
0.00
0.00
0.01
0.00
0.00
0.00
0.00
0.07
0.00
0.00
0.01
0.00
0.00
0.01
0.00
0.00
0.00
0.00
0.00
0.00
0.00
0.00
0.00
0.00
0.00
0.00
