19.00
38.00
57.00
76.00
95.00
114.00
133.00
152.00
171.00
190.00
209.00
228.00
247.00
266.00
285.00
304.00
332.00
351.00
370.00
389.00
408.00
427.00
446.00
465.00
484.00
503.00
522.00
541.00
560.00
579.00
598.00
617.00
645.00
664.00
683.00
702.00
721.00
740.00
759.00
778.00
797.00
816.00
835.00
854.00
873.00
892.00
911.00
930.00
958.00
977.00
996.00
1015.00
1034.00
1053.00
1072.00
1091.00
1110.00
1129.00
1148.00
1167.00
1186.00
1205.00
1224.00
1243.00
1271.00
1290.00
1309.00
1328.00
1347.00
1366.00
1385.00
1404.00
1423.00
1442.00
1461.00
1480.00
1499.00
1518.00
1537.00
1556.00
1584.00
1603.00
1622.00
1641.00
1660.00
1679.00
1698.00
1717.00
1736.00
1755.00
1774.00
1793.00
1812.00
1831.00
1850.00
1869.00
1897.00
1916.00
1935.00
1954.00
1973.00
1992.00
2011.00
2030.00
2049.00
2068.00
2087.00
2106.00
2125.00
2144.00
2163.00
2182.00
2210.00
2229.00
2248.00
2267.00
2286.00
2305.00
2324.00
2343.00
2362.00
2381.00
2400.00
2419.00
2438.00
2457.00
2476.00
2495.00
2523.00
2542.00
2561.00
2580.00
2599.00
2618.00
2637.00
2656.00
2675.00
2694.00
2713.00
2732.00
2751.00
2770.00
2789.00
2808.00
2836.00
2855.00
2874.00
2893.00
2912.00
2931.00
2950.00
2969.00
2988.00
3007.00
3026.00
3045.00
3064.00
3083.00
3102.00
3121.00
3149.00
3168.00
3187.00
3206.00
3225.00
3244.00
3263.00
3282.00
3301.00
3320.00
3339.00
3358.00
3377.00
3396.00
3415.00
3434.00
3462.00
3481.00
3500.00
3519.00
3538.00
3557.00
3576.00
3595.00
3614.00
3633.00
3652.00
3671.00
3690.00
3709.00
3728.00
3747.00
3775.00
3794.00
3813.00
3832.00
3851.00
3870.00
3889.00
3908.00
3927.00
3946.00
3965.00
3984.00
4003.00
4022.00
4041.00
4060.00
4088.00
4107.00
4126.00
4145.00
4164.00
4183.00
4202.00
4221.00
4240.00
4259.00
4278.00
4297.00
4316.00
4335.00
4354.00
4373.00
4401.00
4420.00
4439.00
4458.00
4477.00
4496.00
4515.00
4534.00
4553.00
4572.00
4591.00
4610.00
4629.00
4648.00
4667.00
4686.00
4714.00
4733.00
4752.00
4771.00
4790.00
4809.00
4828.00
4847.00
4866.00
4885.00
4904.00
4923.00
4942.00
4961.00
4980.00
4999.00
5027.00
5046.00
5065.00
5084.00
5103.00
5122.00
5141.00
5160.00
5179.00
5198.00
5217.00
5236.00
5255.00
5274.00
5293.00
5312.00
5340.00
5359.00
5378.00
5397.00
5416.00
5435.00
5454.00
5473.00
5492.00
5511.00
5530.00
5549.00
5568.00
5587.00
5606.00
5625.00
5653.00
5672.00
5691.00
5710.00
5729.00
5748.00
5767.00
5786.00
5805.00
5824.00
5843.00
5862.00
5881.00
5900.00
5919.00
5938.00
5966.00
5985.00
6004.00
6023.00
6042.00
6061.00
6080.00
6099.00
6118.00
6137.00
6156.00
6175.00
6194.00
6213.00
6232.00
6251.00
6279.00
6298.00
6317.00
6336.00
6355.00
6374.00
6393.00
6412.00
6431.00
6450.00
6469.00
6488.00
6507.00
6526.00
6545.00
6564.00
6592.00
6611.00
6630.00
6649.00
6668.00
6687.00
6706.00
6725.00
6744.00
6763.00
6782.00
6801.00
6820.00
6839.00
6858.00
6877.00
6905.00
6924.00
6943.00
6962.00
6981.00
7000.00
7019.00
7038.00
7057.00
7076.00
7095.00
7114.00
7133.00
7152.00
7171.00
7190.00
7218.00
7237.00
7256.00
7275.00
7294.00
7313.00
7332.00
7351.00
7370.00
7389.00
7408.00
7427.00
7446.00
7465.00
7484.00
7503.00
7531.00
7550.00
7569.00
7588.00
7607.00
7626.00
7645.00
7664.00
7683.00
7702.00
7721.00
7740.00
7759.00
7778.00
7797.00
7816.00
7844.00
7863.00
7882.00
7901.00
7920.00
7939.00
7958.00
7977.00
7996.00
8015.00
8034.00
8053.00
8072.00
8091.00
8110.00
8129.00
8157.00
8176.00
8195.00
8214.00
8233.00
8252.00
8271.00
8290.00
8309.00
8328.00
8347.00
8366.00
8385.00
8404.00
8423.00
8442.00
8470.00
8489.00
8508.00
8527.00
8546.00
8565.00
8584.00
8603.00
8622.00
8641.00
8660.00
8679.00
8698.00
8717.00
8736.00
8755.00
8783.00
8802.00
8821.00
8840.00
8859.00
8878.00
8897.00
8916.00
8935.00
8954.00
8973.00
8992.00
9011.00
9030.00
9049.00
9068.00
9096.00
9115.00
9134.00
9153.00
9172.00
9191.00
9210.00
9229.00
9248.00
9267.00
9286.00
9305.00
9324.00
9343.00
9362.00
9381.00
9409.00
9428.00
9447.00
9466.00
9485.00
9504.00
9523.00
9542.00
9561.00
9580.00
9599.00
9618.00
9637.00
9656.00
9675.00
9694.00
9722.00
9741.00
9760.00
9779.00
9798.00
9817.00
9836.00
9855.00
9874.00
9893.00
9912.00
9931.00
9950.00
9969.00
9988.00
10007.00
10035.00
10054.00
10073.00
10092.00
10111.00
10130.00
10149.00
10168.00
10187.00
10206.00
10225.00
10244.00
10263.00
10282.00
10301.00
10320.00
10348.00
10367.00
10386.00
10405.00
10424.00
10443.00
10462.00
10481.00
10500.00
10519.00
10538.00
10557.00
10576.00
10595.00
10614.00
10633.00
10661.00
10680.00
10699.00
10718.00
10737.00
10756.00
10775.00
10794.00
10813.00
10832.00
10851.00
10870.00
10889.00
10908.00
10927.00
10946.00
10974.00
10993.00
11012.00
11031.00
11050.00
11069.00
11088.00
11107.00
11126.00
11145.00
11164.00
11183.00
11202.00
11221.00
11240.00
11259.00
11287.00
11306.00
11325.00
11344.00
11363.00
11382.00
11401.00
11420.00
11439.00
11458.00
11477.00
11496.00
11515.00
11534.00
11553.00
11572.00
11600.00
11619.00
11638.00
11657.00
11676.00
11695.00
11714.00
11733.00
11752.00
11771.00
11790.00
11809.00
11828.00
11847.00
11866.00
11885.00
11913.00
11932.00
11951.00
11970.00
11989.00
12008.00
12027.00
12046.00
12065.00
12084.00
12103.00
12122.00
12141.00
12160.00
12179.00
12198.00
12226.00
12245.00
12264.00
12283.00
12302.00
12321.00
12340.00
12359.00
12378.00
12397.00
12416.00
12435.00
12454.00
12473.00
12492.00
12511.00
12539.00
12558.00
12577.00
12596.00
12615.00
12634.00
12653.00
12672.00
12691.00
12710.00
12729.00
12748.00
12767.00
12786.00
12805.00
12824.00
12852.00
12871.00
12890.00
12909.00
12928.00
12947.00
12966.00
12985.00
13004.00
13023.00
13042.00
13061.00
13080.00
13099.00
13118.00
13137.00
13165.00
13184.00
13203.00
13222.00
13241.00
13260.00
13279.00
13298.00
13317.00
13336.00
13355.00
13374.00
13393.00
13412.00
13431.00
13450.00
13478.00
13497.00
13516.00
13535.00
13554.00
13573.00
13592.00
13611.00
13630.00
13649.00
13668.00
13687.00
13706.00
13725.00
13744.00
13763.00
13791.00
13810.00
13829.00
13848.00
13867.00
13886.00
13905.00
13924.00
13943.00
13962.00
13981.00
14000.00
14019.00
14038.00
14057.00
14076.00
14104.00
14123.00
14142.00
14161.00
14180.00
14199.00
14218.00
14237.00
14256.00
14275.00
14294.00
14313.00
14332.00
14351.00
14370.00
14389.00
14417.00
14436.00
14455.00
14474.00
14493.00
14512.00
14531.00
14550.00
14569.00
14588.00
14607.00
14626.00
14645.00
14664.00
14683.00
14702.00
14730.00
14749.00
14768.00
14787.00
14806.00
14825.00
14844.00
14863.00
14882.00
14901.00
14920.00
14939.00
14958.00
14977.00
14996.00
15015.00
15043.00
15062.00
15081.00
15100.00
15119.00
15138.00
15157.00
15176.00
15195.00
15214.00
15233.00
15252.00
15271.00
15290.00
15309.00
15328.00
15356.00
15375.00
15394.00
15413.00
15432.00
15451.00
15470.00
15489.00
15508.00
15527.00
15546.00
15565.00
15584.00
15603.00
15622.00
15641.00
15669.00
15688.00
15707.00
15726.00
15745.00
15764.00
15783.00
15802.00
15821.00
15840.00
15859.00
15878.00
15897.00
15916.00
15935.00
15954.00
15982.00
16001.00
16020.00
16039.00
16058.00
16077.00
16096.00
16115.00
16134.00
16153.00
16172.00
16191.00
16210.00
16229.00
16248.00
16267.00
16295.00
16314.00
16333.00
16352.00
16371.00
16390.00
16409.00
16428.00
16447.00
16466.00
16485.00
16504.00
16523.00
16542.00
16561.00
16580.00
16608.00
16627.00
16646.00
16665.00
16684.00
16703.00
16722.00
16741.00
16760.00
16779.00
16798.00
16817.00
16836.00
16855.00
16874.00
16893.00
16921.00
16940.00
16959.00
16978.00
16997.00
17016.00
17035.00
17054.00
17073.00
17092.00
17111.00
17130.00
17149.00
17168.00
17187.00
17206.00
17234.00
17253.00
17272.00
17291.00
17310.00
17329.00
17348.00
17367.00
17386.00
17405.00
17424.00
17443.00
17462.00
17481.00
17500.00
17519.00
17547.00
17566.00
17585.00
17604.00
17623.00
17642.00
17661.00
17680.00
17699.00
17718.00
17737.00
17756.00
17775.00
17794.00
17813.00
17832.00
17860.00
17879.00
17898.00
17917.00
17936.00
17955.00
17974.00
17993.00
18012.00
18031.00
18050.00
18069.00
18088.00
18107.00
18126.00
18145.00
18173.00
18192.00
18211.00
18230.00
18249.00
18268.00
18287.00
18306.00
18325.00
18344.00
18363.00
18382.00
18401.00
18420.00
18439.00
18458.00
18486.00
18505.00
18524.00
18543.00
18562.00
18581.00
18600.00
18619.00
18638.00
18657.00
18676.00
18695.00
18714.00
18733.00
18752.00
18771.00
18799.00
18818.00
18837.00
18856.00
18875.00
18894.00
18913.00
18932.00
18951.00
18970.00
18989.00
19008.00
19027.00
19046.00
19065.00
19084.00
19112.00
19131.00
19150.00
19169.00
19188.00
19207.00
19226.00
19245.00
19264.00
19283.00
19302.00
19321.00
19340.00
19359.00
19378.00
19397.00
19425.00
19444.00
19463.00
19482.00
19501.00
19520.00
19539.00
19558.00
19577.00
19596.00
19615.00
19634.00
19653.00
19672.00
19691.00
19710.00
19738.00
19757.00
19776.00
19795.00
19814.00
19833.00
19852.00
19871.00
19890.00
19909.00
19928.00
19947.00
19966.00
19985.00
20004.00
20023.00
20051.00
20070.00
20089.00
20108.00
20127.00
20146.00
20165.00
20184.00
20203.00
20222.00
20241.00
20260.00
20279.00
20298.00
20317.00
20336.00
20364.00
20383.00
20402.00
20421.00
20440.00
20459.00
20478.00
20497.00
20516.00
20535.00
20554.00
20573.00
20592.00
20611.00
20630.00
20649.00
20677.00
20696.00
20715.00
20734.00
20753.00
20772.00
20791.00
20810.00
20829.00
20848.00
20867.00
20886.00
20905.00
20924.00
20943.00
20962.00
20990.00
21009.00
21028.00
21047.00
21066.00
21085.00
21104.00
21123.00
21142.00
21161.00
21180.00
21199.00
21218.00
21237.00
21256.00
21275.00
21303.00
21322.00
21341.00
21360.00
21379.00
21398.00
21417.00
21436.00
21455.00
21474.00
21493.00
21512.00
21531.00
21550.00
21569.00
21588.00
21616.00
21635.00
21654.00
21673.00
21692.00
21711.00
21730.00
21749.00
21768.00
21787.00
21806.00
21825.00
21844.00
21863.00
21882.00
21901.00
21929.00
21948.00
21967.00
21986.00
22005.00
22024.00
22043.00
22062.00
22081.00
22100.00
22119.00
22138.00
22157.00
22176.00
22195.00
22214.00
22242.00
22261.00
22280.00
22299.00
22318.00
22337.00
22356.00
22375.00
22394.00
22413.00
22432.00
22451.00
22470.00
22489.00
22508.00
22527.00
22555.00
22574.00
22593.00
22612.00
22631.00
22650.00
22669.00
22688.00
22707.00
22726.00
22745.00
22764.00
22783.00
22802.00
22821.00
22840.00
22868.00
22887.00
22906.00
22925.00
22944.00
22963.00
22982.00
23001.00
23020.00
23039.00
23058.00
23077.00
23096.00
23115.00
23134.00
23153.00
23181.00
23200.00
23219.00
23238.00
23257.00
23276.00
23295.00
23314.00
23333.00
23352.00
23371.00
23390.00
23409.00
23428.00
23447.00
23466.00
23494.00
23513.00
23532.00
23551.00
23570.00
23589.00
23608.00
23627.00
23646.00
23665.00
23684.00
23703.00
23722.00
23741.00
23760.00
23779.00
23807.00
23826.00
23845.00
23864.00
23883.00
23902.00
23921.00
23940.00
23959.00
23978.00
23997.00
24016.00
24035.00
24054.00
24073.00
24092.00
24120.00
24139.00
24158.00
24177.00
24196.00
24215.00
24234.00
24253.00
24272.00
24291.00
24310.00
24329.00
24348.00
24367.00
24386.00
24405.00
24433.00
24452.00
24471.00
24490.00
24509.00
24528.00
24547.00
24566.00
24585.00
24604.00
24623.00
24642.00
24661.00
24680.00
24699.00
24718.00
24746.00
24765.00
24784.00
24803.00
24822.00
24841.00
24860.00
24879.00
24898.00
24917.00
24936.00
24955.00
24974.00
24993.00
25012.00
25031.00
25059.00
25078.00
25097.00
25116.00
25135.00
25154.00
25173.00
25192.00
25211.00
25230.00
25249.00
25268.00
25287.00
25306.00
25325.00
25344.00
25372.00
25391.00
25410.00
25429.00
25448.00
25467.00
25486.00
25505.00
25524.00
25543.00
25562.00
25581.00
25600.00
25619.00
25638.00
25657.00
25685.00
25704.00
25723.00
25742.00
25761.00
25780.00
25799.00
25818.00
25837.00
25856.00
25875.00
25894.00
25913.00
25932.00
25951.00
25970.00
25998.00
26017.00
26036.00
26055.00
26074.00
26093.00
26112.00
26131.00
26150.00
26169.00
26188.00
26207.00
26226.00
26245.00
26264.00
26283.00
26311.00
26330.00
26349.00
26368.00
26387.00
26406.00
26425.00
26444.00
26463.00
26482.00
26501.00
26520.00
26539.00
26558.00
26577.00
26596.00
26624.00
26643.00
26662.00
26681.00
26700.00
26719.00
26738.00
26757.00
26776.00
26795.00
26814.00
26833.00
26852.00
26871.00
26890.00
26909.00
26937.00
26956.00
26975.00
26994.00
27013.00
27032.00
27051.00
27070.00
27089.00
27108.00
27127.00
27146.00
27165.00
27184.00
27203.00
27222.00
27250.00
27269.00
27288.00
27307.00
27326.00
27345.00
27364.00
27383.00
27402.00
27421.00
27440.00
27459.00
27478.00
27497.00
27516.00
27535.00
27563.00
27582.00
27601.00
27620.00
27639.00
27658.00
27677.00
27696.00
27715.00
27734.00
27753.00
27772.00
27791.00
27810.00
27829.00
27848.00
27876.00
27895.00
27914.00
27933.00
27952.00
27971.00
27990.00
28009.00
28028.00
28047.00
28066.00
28085.00
28104.00
28123.00
28142.00
28161.00
28189.00
28208.00
28227.00
28246.00
28265.00
28284.00
28303.00
28322.00
28341.00
28360.00
28379.00
28398.00
28417.00
28436.00
28455.00
28474.00
28502.00
28521.00
28540.00
28559.00
28578.00
28597.00
28616.00
28635.00
28654.00
28673.00
28692.00
28711.00
28730.00
28749.00
28768.00
28787.00
28815.00
28834.00
28853.00
28872.00
28891.00
28910.00
28929.00
28948.00
28967.00
28986.00
29005.00
29024.00
29043.00
29062.00
29081.00
29100.00
29128.00
29147.00
29166.00
29185.00
29204.00
29223.00
29242.00
29261.00
29280.00
29299.00
29318.00
29337.00
29356.00
29375.00
29394.00
29413.00
29441.00
29460.00
29479.00
29498.00
29517.00
29536.00
29555.00
29574.00
29593.00
29612.00
29631.00
29650.00
29669.00
29688.00
29707.00
29726.00
29754.00
29773.00
29792.00
29811.00
29830.00
29849.00
29868.00
29887.00
29906.00
29925.00
29944.00
29963.00
29982.00
30001.00
30020.00
30039.00
30067.00
30086.00
30105.00
30124.00
30143.00
30162.00
30181.00
30200.00
30219.00
30238.00
30257.00
30276.00
30295.00
30314.00
30333.00
30352.00
30380.00
30399.00
30418.00
30437.00
30456.00
30475.00
30494.00
30513.00
30532.00
30551.00
30570.00
30589.00
30608.00
30627.00
30646.00
30665.00
30693.00
30712.00
30731.00
30750.00
30769.00
30788.00
30807.00
30826.00
30845.00
30864.00
30883.00
30902.00
30921.00
30940.00
30959.00
30978.00
31006.00
31025.00
31044.00
31063.00
31082.00
31101.00
31120.00
31139.00
31158.00
31177.00
31196.00
31215.00
31234.00
31253.00
31272.00
31291.00
31319.00
31338.00
31357.00
31376.00
31395.00
31414.00
31433.00
31452.00
31471.00
31490.00
31509.00
31528.00
31547.00
31566.00
31585.00
31604.00
31632.00
31651.00
31670.00
31689.00
31708.00
31727.00
31746.00
31765.00
31784.00
31803.00
31822.00
31841.00
31860.00
31879.00
31898.00
31917.00
31945.00
31964.00
31983.00
32002.00
32021.00
32040.00
32059.00
32078.00
32097.00
32116.00
32135.00
32154.00
32173.00
32192.00
32211.00
32230.00
32258.00
32277.00
32296.00
32315.00
32334.00
32353.00
32372.00
32391.00
32410.00
32429.00
32448.00
32467.00
32486.00
32505.00
32524.00
32543.00
32571.00
32590.00
32609.00
32628.00
32647.00
32666.00
32685.00
32704.00
32723.00
32742.00
32761.00
32780.00
32799.00
32818.00
32837.00
32856.00
32884.00
32903.00
32922.00
32941.00
32960.00
32979.00
32998.00
33017.00
33036.00
33055.00
33074.00
33093.00
33112.00
33131.00
33150.00
33169.00
33197.00
33216.00
33235.00
33254.00
33273.00
33292.00
33311.00
33330.00
33349.00
33368.00
33387.00
33406.00
33425.00
33444.00
33463.00
33482.00
33510.00
33529.00
33548.00
33567.00
33586.00
33605.00
33624.00
33643.00
33662.00
33681.00
33700.00
33719.00
33738.00
33757.00
33776.00
33795.00
33823.00
33842.00
33861.00
33880.00
33899.00
33918.00
33937.00
33956.00
33975.00
33994.00
34013.00
34032.00
34051.00
34070.00
34089.00
34108.00
34136.00
34155.00
34174.00
34193.00
34212.00
34231.00
34250.00
34269.00
34288.00
34307.00
34326.00
34345.00
34364.00
34383.00
34402.00
34421.00
34449.00
34468.00
34487.00
34506.00
34525.00
34544.00
34563.00
34582.00
34601.00
34620.00
34639.00
34658.00
34677.00
34696.00
34715.00
34734.00
34762.00
34781.00
34800.00
34819.00
34838.00
34857.00
34876.00
34895.00
34914.00
34933.00
34952.00
34971.00
34990.00
35009.00
35028.00
35047.00
35075.00
35094.00
35113.00
35132.00
35151.00
35170.00
35189.00
35208.00
35227.00
35246.00
35265.00
35284.00
35303.00
35322.00
35341.00
35360.00
35388.00
35407.00
35426.00
35445.00
35464.00
35483.00
35502.00
35521.00
35540.00
35559.00
35578.00
35597.00
35616.00
35635.00
35654.00
35673.00
35701.00
35720.00
35739.00
35758.00
35777.00
35796.00
35815.00
35834.00
35853.00
35872.00
35891.00
35910.00
35929.00
35948.00
35967.00
35986.00
36014.00
36033.00
36052.00
36071.00
36090.00
36109.00
36128.00
36147.00
36166.00
36185.00
36204.00
36223.00
36242.00
36261.00
36280.00
36299.00
36327.00
36346.00
36365.00
36384.00
36403.00
36422.00
36441.00
36460.00
36479.00
36498.00
36517.00
36536.00
36555.00
36574.00
36593.00
36612.00
36640.00
36659.00
36678.00
36697.00
36716.00
36735.00
36754.00
36773.00
36792.00
36811.00
36830.00
36849.00
36868.00
36887.00
36906.00
36925.00
36953.00
36972.00
36991.00
37010.00
37029.00
37048.00
37067.00
37086.00
37105.00
37124.00
37143.00
37162.00
37181.00
37200.00
37219.00
37238.00
37266.00
37285.00
37304.00
37323.00
37342.00
37361.00
37380.00
37399.00
37418.00
37437.00
37456.00
37475.00
37494.00
37513.00
37532.00
37551.00
37579.00
37598.00
37617.00
37636.00
37655.00
37674.00
37693.00
37712.00
37731.00
37750.00
37769.00
37788.00
37807.00
37826.00
37845.00
37864.00
37892.00
37911.00
37930.00
37949.00
37968.00
37987.00
38006.00
38025.00
38044.00
38063.00
38082.00
38101.00
38120.00
38139.00
38158.00
38177.00
38205.00
38224.00
38243.00
38262.00
38281.00
38300.00
38319.00
38338.00
38357.00
38376.00
38395.00
38414.00
38433.00
38452.00
38471.00
38490.00
38518.00
38537.00
38556.00
38575.00
38594.00
38613.00
38632.00
38651.00
38670.00
38689.00
38708.00
38727.00
38746.00
38765.00
38784.00
38803.00
38831.00
38850.00
38869.00
38888.00
38907.00
38926.00
38945.00
38964.00
38983.00
39002.00
39021.00
39040.00
39059.00
39078.00
39097.00
39116.00
39144.00
39163.00
39182.00
39201.00
39220.00
39239.00
39258.00
39277.00
39296.00
39315.00
39334.00
39353.00
39372.00
39391.00
39410.00
39429.00
39457.00
39476.00
39495.00
39514.00
39533.00
39552.00
39571.00
39590.00
39609.00
39628.00
39647.00
39666.00
39685.00
39704.00
39723.00
39742.00
39770.00
39789.00
39808.00
39827.00
39846.00
39865.00
39884.00
39903.00
39922.00
39941.00
39960.00
39979.00
39998.00
40017.00
40036.00
40055.00
40083.00
40102.00
40121.00
40140.00
40159.00
40178.00
40197.00
40216.00
40235.00
40254.00
40273.00
40292.00
40311.00
40330.00
40349.00
40368.00
40396.00
40415.00
40434.00
40453.00
40472.00
40491.00
40510.00
40529.00
40548.00
40567.00
40586.00
40605.00
40624.00
40643.00
40662.00
40681.00
40709.00
40728.00
40747.00
40766.00
40785.00
40804.00
40823.00
40842.00
40861.00
40880.00
40899.00
40918.00
40937.00
40956.00
40975.00
40994.00
41022.00
41041.00
41060.00
41079.00
41098.00
41117.00
41136.00
41155.00
41174.00
41193.00
41212.00
41231.00
41250.00
41269.00
41288.00
41307.00
41335.00
41354.00
41373.00
41392.00
41411.00
41430.00
41449.00
41468.00
41487.00
41506.00
41525.00
41544.00
41563.00
41582.00
41601.00
41620.00
41648.00
41667.00
41686.00
41705.00
41724.00
41743.00
41762.00
41781.00
41800.00
41819.00
41838.00
41857.00
41876.00
41895.00
41914.00
41933.00
41961.00
41980.00
41999.00
42018.00
42037.00
42056.00
42075.00
42094.00
42113.00
42132.00
42151.00
42170.00
42189.00
42208.00
42227.00
42246.00
42274.00
42293.00
42312.00
42331.00
42350.00
42369.00
42388.00
42407.00
42426.00
42445.00
42464.00
42483.00
42502.00
42521.00
42540.00
42559.00
42587.00
42606.00
42625.00
42644.00
42663.00
42682.00
42701.00
42720.00
42739.00
42758.00
42777.00
42796.00
42815.00
42834.00
42853.00
42872.00
42900.00
42919.00
42938.00
42957.00
42976.00
42995.00
43014.00
43033.00
43052.00
43071.00
43090.00
43109.00
43128.00
43147.00
43166.00
43185.00
43213.00
43232.00
43251.00
43270.00
43289.00
43308.00
43327.00
43346.00
43365.00
43384.00
43403.00
43422.00
43441.00
43460.00
43479.00
43498.00
43526.00
43545.00
43564.00
43583.00
43602.00
43621.00
43640.00
43659.00
43678.00
43697.00
43716.00
43735.00
43754.00
43773.00
43792.00
43811.00
43839.00
43858.00
43877.00
43896.00
43915.00
43934.00
43953.00
43972.00
43991.00
44010.00
44029.00
44048.00
44067.00
44086.00
44105.00
44124.00
44152.00
44171.00
44190.00
44209.00
44228.00
44247.00
44266.00
44285.00
44304.00
44323.00
44342.00
44361.00
44380.00
44399.00
44418.00
44437.00
44465.00
44484.00
44503.00
44522.00
44541.00
44560.00
44579.00
44598.00
44617.00
44636.00
44655.00
44674.00
44693.00
44712.00
44731.00
44750.00
44778.00
44797.00
44816.00
44835.00
44854.00
44873.00
44892.00
44911.00
44930.00
44949.00
44968.00
44987.00
45006.00
45025.00
45044.00
45063.00
45091.00
45110.00
45129.00
45148.00
45167.00
45186.00
45205.00
45224.00
45243.00
45262.00
45281.00
45300.00
45319.00
45338.00
45357.00
45376.00
45404.00
45423.00
45442.00
45461.00
45480.00
45499.00
45518.00
45537.00
45556.00
45575.00
45594.00
45613.00
45632.00
45651.00
45670.00
45689.00
45717.00
45736.00
45755.00
45774.00
45793.00
45812.00
45831.00
45850.00
45869.00
45888.00
45907.00
45926.00
45945.00
45964.00
45983.00
46002.00
46030.00
46049.00
46068.00
46087.00
46106.00
46125.00
46144.00
46163.00
46182.00
46201.00
46220.00
46239.00
46258.00
46277.00
46296.00
46315.00
46343.00
46362.00
46381.00
46400.00
46419.00
46438.00
46457.00
46476.00
46495.00
46514.00
46533.00
46552.00
46571.00
46590.00
46609.00
46628.00
46656.00
46675.00
46694.00
46713.00
46732.00
46751.00
46770.00
46789.00
46808.00
46827.00
46846.00
46865.00
46884.00
46903.00
46922.00
46941.00
46969.00
46988.00
47007.00
47026.00
47045.00
47064.00
47083.00
47102.00
47121.00
47140.00
47159.00
47178.00
47197.00
47216.00
47235.00
47254.00
47282.00
47301.00
47320.00
47339.00
47358.00
47377.00
47396.00
47415.00
47434.00
47453.00
47472.00
47491.00
47510.00
47529.00
47548.00
47567.00
47595.00
47614.00
47633.00
47652.00
47671.00
47690.00
47709.00
47728.00
47747.00
47766.00
47785.00
47804.00
47823.00
47842.00
47861.00
47880.00
47908.00
47927.00
47946.00
47965.00
47984.00
48003.00
48022.00
48041.00
48060.00
48079.00
48098.00
48117.00
48136.00
48155.00
48174.00
48193.00
48221.00
48240.00
48259.00
48278.00
48297.00
48316.00
48335.00
48354.00
48373.00
48392.00
48411.00
48430.00
48449.00
48468.00
48487.00
48506.00
48534.00
48553.00
48572.00
48591.00
48610.00
48629.00
48648.00
48667.00
48686.00
48705.00
48724.00
48743.00
48762.00
48781.00
48800.00
48819.00
48847.00
48866.00
48885.00
48904.00
48923.00
48942.00
48961.00
48980.00
48999.00
49018.00
49037.00
49056.00
49075.00
49094.00
49113.00
49132.00
49160.00
49179.00
49198.00
49217.00
49236.00
49255.00
49274.00
49293.00
49312.00
49331.00
49350.00
49369.00
49388.00
49407.00
49426.00
49445.00
49473.00
49492.00
49511.00
49530.00
49549.00
49568.00
49587.00
49606.00
49625.00
49644.00
49663.00
49682.00
49701.00
49720.00
49739.00
49758.00
49786.00
49805.00
49824.00
49843.00
49862.00
49881.00
49900.00
49919.00
49938.00
49957.00
49976.00
49995.00
50014.00
50033.00
50052.00
50071.00
50099.00
50118.00
50137.00
50156.00
50175.00
50194.00
50213.00
50232.00
50251.00
50270.00
50289.00
50308.00
50327.00
50346.00
50365.00
50384.00
50412.00
50431.00
50450.00
50469.00
50488.00
50507.00
50526.00
50545.00
50564.00
50583.00
50602.00
50621.00
50640.00
50659.00
50678.00
50697.00
50725.00
50744.00
50763.00
50782.00
50801.00
50820.00
50839.00
50858.00
50877.00
50896.00
50915.00
50934.00
50953.00
50972.00
50991.00
51010.00
51038.00
51057.00
51076.00
51095.00
51114.00
51133.00
51152.00
51171.00
51190.00
51209.00
51228.00
51247.00
51266.00
51285.00
51304.00
51323.00
51351.00
51370.00
51389.00
51408.00
51427.00
51446.00
51465.00
51484.00
51503.00
51522.00
51541.00
51560.00
51579.00
51598.00
51617.00
51636.00
51664.00
51683.00
51702.00
51721.00
51740.00
51759.00
51778.00
51797.00
51816.00
51835.00
51854.00
51873.00
51892.00
51911.00
51930.00
51949.00
51977.00
51996.00
52015.00
52034.00
52053.00
52072.00
52091.00
52110.00
52129.00
52148.00
52167.00
52186.00
52205.00
52224.00
52243.00
52262.00
52290.00
52309.00
52328.00
52347.00
52366.00
52385.00
52404.00
52423.00
52442.00
52461.00
52480.00
52499.00
52518.00
52537.00
52556.00
52575.00
52603.00
52622.00
52641.00
52660.00
52679.00
52698.00
52717.00
52736.00
52755.00
52774.00
52793.00
52812.00
52831.00
52850.00
52869.00
52888.00
52916.00
52935.00
52954.00
52973.00
52992.00
53011.00
53030.00
53049.00
53068.00
53087.00
53106.00
53125.00
53144.00
53163.00
53182.00
53201.00
53229.00
53248.00
53267.00
53286.00
53305.00
53324.00
53343.00
53362.00
53381.00
53400.00
53419.00
53438.00
53457.00
53476.00
53495.00
53514.00
53542.00
53561.00
53580.00
53599.00
53618.00
53637.00
53656.00
53675.00
53694.00
53713.00
53732.00
53751.00
53770.00
53789.00
53808.00
53827.00
53855.00
53874.00
53893.00
53912.00
53931.00
53950.00
53969.00
53988.00
54007.00
54026.00
54045.00
54064.00
54083.00
54102.00
54121.00
54140.00
54168.00
54187.00
54206.00
54225.00
54244.00
54263.00
54282.00
54301.00
54320.00
54339.00
54358.00
54377.00
54396.00
54415.00
54434.00
54453.00
54481.00
54500.00
54519.00
54538.00
54557.00
54576.00
54595.00
54614.00
54633.00
54652.00
54671.00
54690.00
54709.00
54728.00
54747.00
54766.00
54794.00
54813.00
54832.00
54851.00
54870.00
54889.00
54908.00
54927.00
54946.00
54965.00
54984.00
55003.00
55022.00
55041.00
55060.00
55079.00
55107.00
55126.00
55145.00
55164.00
55183.00
55202.00
55221.00
55240.00
55259.00
55278.00
55297.00
55316.00
55335.00
55354.00
55373.00
55392.00
55420.00
55439.00
55458.00
55477.00
55496.00
55515.00
55534.00
55553.00
55572.00
55591.00
55610.00
55629.00
55648.00
55667.00
55686.00
55705.00
55733.00
55752.00
55771.00
55790.00
55809.00
55828.00
55847.00
55866.00
55885.00
55904.00
55923.00
55942.00
55961.00
55980.00
55999.00
56018.00
56046.00
56065.00
56084.00
56103.00
56122.00
56141.00
56160.00
56179.00
56198.00
56217.00
56236.00
56255.00
56274.00
56293.00
56312.00
56331.00
56359.00
56378.00
56397.00
56416.00
56435.00
56454.00
56473.00
56492.00
56511.00
56530.00
56549.00
56568.00
56587.00
56606.00
56625.00
56644.00
56672.00
56691.00
56710.00
56729.00
56748.00
56767.00
56786.00
56805.00
56824.00
56843.00
56862.00
56881.00
56900.00
56919.00
56938.00
56957.00
56985.00
57004.00
57023.00
57042.00
57061.00
57080.00
57099.00
57118.00
57137.00
57156.00
57175.00
57194.00
57213.00
57232.00
57251.00
57270.00
57298.00
57317.00
57336.00
57355.00
57374.00
57393.00
57412.00
57431.00
57450.00
57469.00
57488.00
57507.00
57526.00
57545.00
57564.00
57583.00
57611.00
57630.00
57649.00
57668.00
57687.00
57706.00
57725.00
57744.00
57763.00
57782.00
57801.00
57820.00
57839.00
57858.00
57877.00
57896.00
57924.00
57943.00
57962.00
57981.00
58000.00
58019.00
58038.00
58057.00
58076.00
58095.00
58114.00
58133.00
58152.00
58171.00
58190.00
58209.00
58237.00
58256.00
58275.00
58294.00
58313.00
58332.00
58351.00
58370.00
58389.00
58408.00
58427.00
58446.00
58465.00
58484.00
58503.00
58522.00
58550.00
58569.00
58588.00
58607.00
58626.00
58645.00
58664.00
58683.00
58702.00
58721.00
58740.00
58759.00
58778.00
58797.00
58816.00
58835.00
58863.00
58882.00
58901.00
58920.00
58939.00
58958.00
58977.00
58996.00
59015.00
59034.00
59053.00
59072.00
59091.00
59110.00
59129.00
59148.00
59176.00
59195.00
59214.00
59233.00
59252.00
59271.00
59290.00
59309.00
59328.00
59347.00
59366.00
59385.00
59404.00
59423.00
59442.00
59461.00
59489.00
59508.00
59527.00
59546.00
59565.00
59584.00
59603.00
59622.00
59641.00
59660.00
59679.00
59698.00
59717.00
59736.00
59755.00
59774.00
59802.00
59821.00
59840.00
59859.00
59878.00
59897.00
59916.00
59935.00
59954.00
59973.00
59992.00
60011.00
60030.00
60049.00
60068.00
60087.00
60115.00
60134.00
60153.00
60172.00
60191.00
60210.00
60229.00
60248.00
60267.00
60286.00
60305.00
60324.00
60343.00
60362.00
60381.00
60400.00
60428.00
60447.00
60466.00
60485.00
60504.00
60523.00
60542.00
60561.00
60580.00
60599.00
60618.00
60637.00
60656.00
60675.00
60694.00
60713.00
60741.00
60760.00
60779.00
60798.00
60817.00
60836.00
60855.00
60874.00
60893.00
60912.00
60931.00
60950.00
60969.00
60988.00
61007.00
61026.00
61054.00
61073.00
61092.00
61111.00
61130.00
61149.00
61168.00
61187.00
61206.00
61225.00
61244.00
61263.00
61282.00
61301.00
61320.00
61339.00
61367.00
61386.00
61405.00
61424.00
61443.00
61462.00
61481.00
61500.00
61519.00
61538.00
61557.00
61576.00
61595.00
61614.00
61633.00
61652.00
61680.00
61699.00
61718.00
61737.00
61756.00
61775.00
61794.00
61813.00
61832.00
61851.00
61870.00
61889.00
61908.00
61927.00
61946.00
61965.00
61993.00
62012.00
62031.00
62050.00
62069.00
62088.00
62107.00
62126.00
62145.00
62164.00
62183.00
62202.00
62221.00
62240.00
62259.00
62278.00
62306.00
62325.00
62344.00
62363.00
62382.00
62401.00
62420.00
62439.00
62458.00
62477.00
62496.00
62515.00
62534.00
62553.00
62572.00
62591.00
