0.13
0.58
0.27
0.22
0.38
0.47
0.19
0.28
0.46
0.45
0.23
0.38
0.23
0.43
0.28
0.60
0.17
0.31
0.32
0.21
0.13
0.26
0.27
0.25
0.18
0.20
0.20
0.07
0.13
0.18
0.12
0.20
0.30
0.17
0.15
0.27
0.11
0.12
0.16
0.07
0.13
0.13
0.30
0.08
0.21
0.16
0.39
0.32
0.29
0.10
0.28
0.18
0.05
0.17
0.12
0.23
0.17
0.14
0.17
0.30
0.26
0.06
0.21
0.20
0.26
0.10
0.08
0.22
0.16
0.15
0.02
0.10
0.18
0.25
0.24
0.07
0.03
0.21
0.17
0.03
0.24
0.16
0.16
0.28
0.17
0.13
0.02
0.04
0.17
0.05
0.37
0.02
0.18
0.20
0.03
0.20
0.08
0.03
0.02
0.13
0.13
0.21
0.06
0.08
0.01
0.29
0.01
0.04
0.09
0.07
0.01
0.14
0.11
0.04
0.17
0.01
0.08
0.02
0.09
0.06
0.01
0.09
0.02
0.00
0.01
0.03
0.00
0.08
0.06
0.00
0.13
0.00
0.01
0.03
0.00
0.00
0.00
0.05
0.00
0.00
0.02
0.01
0.00
0.00
0.00
0.00
0.04
0.00
0.01
0.00
0.00
0.02
0.00
0.02
0.01
0.00
0.00
0.04
0.00
0.00
0.01
0.00
0.00
0.01
0.00
0.01
0.00
0.00
0.03
0.00
0.00
0.00
0.00
0.00
0.00
0.00
0.00
0.00
0.00
0.00
0.00
0.00
0.01
0.00
0.03
0.00
0.00
0.00
0.00
0.00
0.00
0.00
0.00
0.01
0.00
0.00
0.00
0.00
0.00
0.00
