19.00
38.00
57.00
76.00
95.00
114.00
133.00
152.00
171.00
190.00
209.00
228.00
247.00
280.00
299.00
318.00
337.00
356.00
375.00
394.00
413.00
432.00
451.00
470.00
489.00
508.00
541.00
560.00
579.00
598.00
617.00
636.00
655.00
674.00
693.00
712.00
731.00
750.00
769.00
802.00
821.00
840.00
859.00
878.00
897.00
916.00
935.00
954.00
973.00
992.00
1011.00
1030.00
1063.00
1082.00
1101.00
1120.00
1139.00
1158.00
1177.00
1196.00
1215.00
1234.00
1253.00
1272.00
1291.00
1324.00
1343.00
1362.00
1381.00
1400.00
1419.00
1438.00
1457.00
1476.00
1495.00
1514.00
1533.00
1552.00
1585.00
1604.00
1623.00
1642.00
1661.00
1680.00
1699.00
1718.00
1737.00
1756.00
1775.00
1794.00
1813.00
1846.00
1865.00
1884.00
1903.00
1922.00
1941.00
1960.00
1979.00
1998.00
2017.00
2036.00
2055.00
2074.00
2107.00
2126.00
2145.00
2164.00
2183.00
2202.00
2221.00
2240.00
2259.00
2278.00
2297.00
2316.00
2335.00
2368.00
2387.00
2406.00
2425.00
2444.00
2463.00
2482.00
2501.00
2520.00
2539.00
2558.00
2577.00
2596.00
2629.00
2648.00
2667.00
2686.00
2705.00
2724.00
2743.00
2762.00
2781.00
2800.00
2819.00
2838.00
2857.00
2890.00
2909.00
2928.00
2947.00
2966.00
2985.00
3004.00
3023.00
3042.00
3061.00
3080.00
3099.00
3118.00
3151.00
3170.00
3189.00
3208.00
3227.00
3246.00
3265.00
3284.00
3303.00
3322.00
3341.00
3360.00
3379.00
3412.00
3431.00
3450.00
3469.00
3488.00
3507.00
3526.00
3545.00
3564.00
3583.00
3602.00
3621.00
3640.00
3673.00
3692.00
3711.00
3730.00
3749.00
3768.00
3787.00
3806.00
3825.00
3844.00
3863.00
3882.00
3901.00
3934.00
3953.00
3972.00
3991.00
4010.00
4029.00
4048.00
4067.00
4086.00
4105.00
4124.00
4143.00
4162.00
4195.00
4214.00
4233.00
4252.00
4271.00
4290.00
4309.00
4328.00
4347.00
4366.00
4385.00
4404.00
4423.00
4456.00
4475.00
4494.00
4513.00
4532.00
4551.00
4570.00
4589.00
4608.00
4627.00
4646.00
4665.00
4684.00
4717.00
4736.00
4755.00
4774.00
4793.00
4812.00
4831.00
4850.00
4869.00
4888.00
4907.00
4926.00
4945.00
4978.00
4997.00
5016.00
5035.00
5054.00
5073.00
5092.00
5111.00
5130.00
5149.00
5168.00
5187.00
5206.00
5239.00
5258.00
5277.00
5296.00
5315.00
5334.00
5353.00
5372.00
5391.00
5410.00
5429.00
5448.00
5467.00
5500.00
5519.00
5538.00
5557.00
5576.00
5595.00
5614.00
5633.00
5652.00
5671.00
5690.00
5709.00
5728.00
5761.00
5780.00
5799.00
5818.00
5837.00
5856.00
5875.00
5894.00
5913.00
5932.00
5951.00
5970.00
5989.00
6022.00
6041.00
6060.00
6079.00
6098.00
6117.00
6136.00
6155.00
6174.00
6193.00
6212.00
6231.00
6250.00
6283.00
6302.00
6321.00
6340.00
6359.00
6378.00
6397.00
6416.00
6435.00
6454.00
6473.00
6492.00
6511.00
6544.00
6563.00
6582.00
6601.00
6620.00
6639.00
6658.00
6677.00
6696.00
6715.00
6734.00
6753.00
6772.00
6805.00
6824.00
6843.00
6862.00
6881.00
6900.00
6919.00
6938.00
6957.00
6976.00
6995.00
7014.00
7033.00
7066.00
7085.00
7104.00
7123.00
7142.00
7161.00
7180.00
7199.00
7218.00
7237.00
7256.00
7275.00
7294.00
7327.00
7346.00
7365.00
7384.00
7403.00
7422.00
7441.00
7460.00
7479.00
7498.00
7517.00
7536.00
7555.00
7588.00
7607.00
7626.00
7645.00
7664.00
7683.00
7702.00
7721.00
7740.00
7759.00
7778.00
7797.00
7816.00
7849.00
7868.00
7887.00
7906.00
7925.00
7944.00
7963.00
7982.00
8001.00
8020.00
8039.00
8058.00
8077.00
8110.00
8129.00
8148.00
8167.00
8186.00
8205.00
8224.00
8243.00
8262.00
8281.00
8300.00
8319.00
8338.00
8371.00
8390.00
8409.00
8428.00
8447.00
8466.00
8485.00
8504.00
8523.00
8542.00
8561.00
8580.00
8599.00
8632.00
8651.00
8670.00
8689.00
8708.00
8727.00
8746.00
8765.00
8784.00
8803.00
8822.00
8841.00
8860.00
8893.00
8912.00
8931.00
8950.00
8969.00
8988.00
9007.00
9026.00
9045.00
9064.00
9083.00
9102.00
9121.00
9154.00
9173.00
9192.00
9211.00
9230.00
9249.00
9268.00
9287.00
9306.00
9325.00
9344.00
9363.00
9382.00
9415.00
9434.00
9453.00
9472.00
9491.00
9510.00
9529.00
9548.00
9567.00
9586.00
9605.00
9624.00
9643.00
9676.00
9695.00
9714.00
9733.00
9752.00
9771.00
9790.00
9809.00
9828.00
9847.00
9866.00
9885.00
9904.00
9937.00
9956.00
9975.00
9994.00
10013.00
10032.00
10051.00
10070.00
10089.00
10108.00
10127.00
10146.00
10165.00
10198.00
10217.00
10236.00
10255.00
10274.00
10293.00
10312.00
10331.00
10350.00
10369.00
10388.00
10407.00
10426.00
10459.00
10478.00
10497.00
10516.00
10535.00
10554.00
10573.00
10592.00
10611.00
10630.00
10649.00
10668.00
10687.00
10720.00
10739.00
10758.00
10777.00
10796.00
10815.00
10834.00
10853.00
10872.00
10891.00
10910.00
10929.00
10948.00
10981.00
11000.00
11019.00
11038.00
11057.00
11076.00
11095.00
11114.00
11133.00
11152.00
11171.00
11190.00
11209.00
11242.00
11261.00
11280.00
11299.00
11318.00
11337.00
11356.00
11375.00
11394.00
11413.00
11432.00
11451.00
11470.00
11503.00
11522.00
11541.00
11560.00
11579.00
11598.00
11617.00
11636.00
11655.00
11674.00
11693.00
11712.00
11731.00
11764.00
11783.00
11802.00
11821.00
11840.00
11859.00
11878.00
11897.00
11916.00
11935.00
11954.00
11973.00
11992.00
12025.00
12044.00
12063.00
12082.00
12101.00
12120.00
12139.00
12158.00
12177.00
12196.00
12215.00
12234.00
12253.00
12286.00
12305.00
12324.00
12343.00
12362.00
12381.00
12400.00
12419.00
12438.00
12457.00
12476.00
12495.00
12514.00
12547.00
12566.00
12585.00
12604.00
12623.00
12642.00
12661.00
12680.00
12699.00
12718.00
12737.00
12756.00
12775.00
12808.00
12827.00
12846.00
12865.00
12884.00
12903.00
12922.00
12941.00
12960.00
12979.00
12998.00
13017.00
13036.00
13069.00
13088.00
13107.00
13126.00
13145.00
13164.00
13183.00
13202.00
13221.00
13240.00
13259.00
13278.00
13297.00
13330.00
13349.00
13368.00
13387.00
13406.00
13425.00
13444.00
13463.00
13482.00
13501.00
13520.00
13539.00
13558.00
13591.00
13610.00
13629.00
13648.00
13667.00
13686.00
13705.00
13724.00
13743.00
13762.00
13781.00
13800.00
13819.00
13852.00
13871.00
13890.00
13909.00
13928.00
13947.00
13966.00
13985.00
14004.00
14023.00
14042.00
14061.00
14080.00
14113.00
14132.00
14151.00
14170.00
14189.00
14208.00
14227.00
14246.00
14265.00
14284.00
14303.00
14322.00
14341.00
14374.00
14393.00
14412.00
14431.00
14450.00
14469.00
14488.00
14507.00
14526.00
14545.00
14564.00
14583.00
14602.00
14635.00
14654.00
14673.00
14692.00
14711.00
14730.00
14749.00
14768.00
14787.00
14806.00
14825.00
14844.00
14863.00
14896.00
14915.00
14934.00
14953.00
14972.00
14991.00
15010.00
15029.00
15048.00
15067.00
15086.00
15105.00
15124.00
15157.00
15176.00
15195.00
15214.00
15233.00
15252.00
15271.00
15290.00
15309.00
15328.00
15347.00
15366.00
15385.00
15418.00
15437.00
15456.00
15475.00
15494.00
15513.00
15532.00
15551.00
15570.00
15589.00
15608.00
15627.00
15646.00
15679.00
15698.00
15717.00
15736.00
15755.00
15774.00
15793.00
15812.00
15831.00
15850.00
15869.00
15888.00
15907.00
15940.00
15959.00
15978.00
15997.00
16016.00
16035.00
16054.00
16073.00
16092.00
16111.00
16130.00
16149.00
16168.00
16201.00
16220.00
16239.00
16258.00
16277.00
16296.00
16315.00
16334.00
16353.00
16372.00
16391.00
16410.00
16429.00
16462.00
16481.00
16500.00
16519.00
16538.00
16557.00
16576.00
16595.00
16614.00
16633.00
16652.00
16671.00
16690.00
16723.00
16742.00
16761.00
16780.00
16799.00
16818.00
16837.00
16856.00
16875.00
16894.00
16913.00
16932.00
16951.00
16984.00
17003.00
17022.00
17041.00
17060.00
17079.00
17098.00
17117.00
17136.00
17155.00
17174.00
17193.00
17212.00
17245.00
17264.00
17283.00
17302.00
17321.00
17340.00
17359.00
17378.00
17397.00
17416.00
17435.00
17454.00
17473.00
17506.00
17525.00
17544.00
17563.00
17582.00
17601.00
17620.00
17639.00
17658.00
17677.00
17696.00
17715.00
17734.00
17767.00
17786.00
17805.00
17824.00
17843.00
17862.00
17881.00
17900.00
17919.00
17938.00
17957.00
17976.00
17995.00
18028.00
18047.00
18066.00
18085.00
18104.00
18123.00
18142.00
18161.00
18180.00
18199.00
18218.00
18237.00
18256.00
18289.00
18308.00
18327.00
18346.00
18365.00
18384.00
18403.00
18422.00
18441.00
18460.00
18479.00
18498.00
18517.00
18550.00
18569.00
18588.00
18607.00
18626.00
18645.00
18664.00
18683.00
18702.00
18721.00
18740.00
18759.00
18778.00
18811.00
18830.00
18849.00
18868.00
18887.00
18906.00
18925.00
18944.00
18963.00
18982.00
19001.00
19020.00
19039.00
19072.00
19091.00
19110.00
19129.00
19148.00
19167.00
19186.00
19205.00
19224.00
19243.00
19262.00
19281.00
19300.00
19333.00
19352.00
19371.00
19390.00
19409.00
19428.00
19447.00
19466.00
19485.00
19504.00
19523.00
19542.00
19561.00
19594.00
19613.00
19632.00
19651.00
19670.00
19689.00
19708.00
19727.00
19746.00
19765.00
19784.00
19803.00
19822.00
19855.00
19874.00
19893.00
19912.00
19931.00
19950.00
19969.00
19988.00
20007.00
20026.00
20045.00
20064.00
20083.00
20116.00
20135.00
20154.00
20173.00
20192.00
20211.00
20230.00
20249.00
20268.00
20287.00
20306.00
20325.00
20344.00
20377.00
20396.00
20415.00
20434.00
20453.00
20472.00
20491.00
20510.00
20529.00
20548.00
20567.00
20586.00
20605.00
20638.00
20657.00
20676.00
20695.00
20714.00
20733.00
20752.00
20771.00
20790.00
20809.00
20828.00
20847.00
20866.00
20899.00
20918.00
20937.00
20956.00
20975.00
20994.00
21013.00
21032.00
21051.00
21070.00
21089.00
21108.00
21127.00
21160.00
21179.00
21198.00
21217.00
21236.00
21255.00
21274.00
21293.00
21312.00
21331.00
21350.00
21369.00
21388.00
21421.00
21440.00
21459.00
21478.00
21497.00
21516.00
21535.00
21554.00
21573.00
21592.00
21611.00
21630.00
21649.00
21682.00
21701.00
21720.00
21739.00
21758.00
21777.00
21796.00
21815.00
21834.00
21853.00
21872.00
21891.00
21910.00
21943.00
21962.00
21981.00
22000.00
22019.00
22038.00
22057.00
22076.00
22095.00
22114.00
22133.00
22152.00
22171.00
22204.00
22223.00
22242.00
22261.00
22280.00
22299.00
22318.00
22337.00
22356.00
22375.00
22394.00
22413.00
22432.00
22465.00
22484.00
22503.00
22522.00
22541.00
22560.00
22579.00
22598.00
22617.00
22636.00
22655.00
22674.00
22693.00
22726.00
22745.00
22764.00
22783.00
22802.00
22821.00
22840.00
22859.00
22878.00
22897.00
22916.00
22935.00
22954.00
22987.00
23006.00
23025.00
23044.00
23063.00
23082.00
23101.00
23120.00
23139.00
23158.00
23177.00
23196.00
23215.00
23248.00
23267.00
23286.00
23305.00
23324.00
23343.00
23362.00
23381.00
23400.00
23419.00
23438.00
23457.00
23476.00
23509.00
23528.00
23547.00
23566.00
23585.00
23604.00
23623.00
23642.00
23661.00
23680.00
23699.00
23718.00
23737.00
23770.00
23789.00
23808.00
23827.00
23846.00
23865.00
23884.00
23903.00
23922.00
23941.00
23960.00
23979.00
23998.00
24031.00
24050.00
24069.00
24088.00
24107.00
24126.00
24145.00
24164.00
24183.00
24202.00
24221.00
24240.00
24259.00
24292.00
24311.00
24330.00
24349.00
24368.00
24387.00
24406.00
24425.00
24444.00
24463.00
24482.00
24501.00
24520.00
24553.00
24572.00
24591.00
24610.00
24629.00
24648.00
24667.00
24686.00
24705.00
24724.00
24743.00
24762.00
24781.00
24814.00
24833.00
24852.00
24871.00
24890.00
24909.00
24928.00
24947.00
24966.00
24985.00
25004.00
25023.00
25042.00
25075.00
25094.00
25113.00
25132.00
25151.00
25170.00
25189.00
25208.00
25227.00
25246.00
25265.00
25284.00
25303.00
25336.00
25355.00
25374.00
25393.00
25412.00
25431.00
25450.00
25469.00
25488.00
25507.00
25526.00
25545.00
25564.00
25597.00
25616.00
25635.00
25654.00
25673.00
25692.00
25711.00
25730.00
25749.00
25768.00
25787.00
25806.00
25825.00
25858.00
25877.00
25896.00
25915.00
25934.00
25953.00
25972.00
25991.00
26010.00
26029.00
26048.00
26067.00
26086.00
26119.00
26138.00
26157.00
26176.00
26195.00
26214.00
26233.00
26252.00
26271.00
26290.00
26309.00
26328.00
26347.00
26380.00
26399.00
26418.00
26437.00
26456.00
26475.00
26494.00
26513.00
26532.00
26551.00
26570.00
26589.00
26608.00
26641.00
26660.00
26679.00
26698.00
26717.00
26736.00
26755.00
26774.00
26793.00
26812.00
26831.00
26850.00
26869.00
26902.00
26921.00
26940.00
26959.00
26978.00
26997.00
27016.00
27035.00
27054.00
27073.00
27092.00
27111.00
27130.00
27163.00
27182.00
27201.00
27220.00
27239.00
27258.00
27277.00
27296.00
27315.00
27334.00
27353.00
27372.00
27391.00
27424.00
27443.00
27462.00
27481.00
27500.00
27519.00
27538.00
27557.00
27576.00
27595.00
27614.00
27633.00
27652.00
27685.00
27704.00
27723.00
27742.00
27761.00
27780.00
27799.00
27818.00
27837.00
27856.00
27875.00
27894.00
27913.00
27946.00
27965.00
27984.00
28003.00
28022.00
28041.00
28060.00
28079.00
28098.00
28117.00
28136.00
28155.00
28174.00
28207.00
28226.00
28245.00
28264.00
28283.00
28302.00
28321.00
28340.00
28359.00
28378.00
28397.00
28416.00
28435.00
28468.00
28487.00
28506.00
28525.00
28544.00
28563.00
28582.00
28601.00
28620.00
28639.00
28658.00
28677.00
28696.00
28729.00
28748.00
28767.00
28786.00
28805.00
28824.00
28843.00
28862.00
28881.00
28900.00
28919.00
28938.00
28957.00
28990.00
29009.00
29028.00
29047.00
29066.00
29085.00
29104.00
29123.00
29142.00
29161.00
29180.00
29199.00
29218.00
29251.00
29270.00
29289.00
29308.00
29327.00
29346.00
29365.00
29384.00
29403.00
29422.00
29441.00
29460.00
29479.00
29512.00
29531.00
29550.00
29569.00
29588.00
29607.00
29626.00
29645.00
29664.00
29683.00
29702.00
29721.00
29740.00
29773.00
29792.00
29811.00
29830.00
29849.00
29868.00
29887.00
29906.00
29925.00
29944.00
29963.00
29982.00
30001.00
30034.00
30053.00
30072.00
30091.00
30110.00
30129.00
30148.00
30167.00
30186.00
30205.00
30224.00
30243.00
30262.00
30295.00
30314.00
30333.00
30352.00
30371.00
30390.00
30409.00
30428.00
30447.00
30466.00
30485.00
30504.00
30523.00
30556.00
30575.00
30594.00
30613.00
30632.00
30651.00
30670.00
30689.00
30708.00
30727.00
30746.00
30765.00
30784.00
30817.00
30836.00
30855.00
30874.00
30893.00
30912.00
30931.00
30950.00
30969.00
30988.00
31007.00
31026.00
31045.00
31078.00
31097.00
31116.00
31135.00
31154.00
31173.00
31192.00
31211.00
31230.00
31249.00
31268.00
31287.00
31306.00
31339.00
31358.00
31377.00
31396.00
31415.00
31434.00
31453.00
31472.00
31491.00
31510.00
31529.00
31548.00
31567.00
31600.00
31619.00
31638.00
31657.00
31676.00
31695.00
31714.00
31733.00
31752.00
31771.00
31790.00
31809.00
31828.00
31861.00
31880.00
31899.00
31918.00
31937.00
31956.00
31975.00
31994.00
32013.00
32032.00
32051.00
32070.00
32089.00
32122.00
32141.00
32160.00
32179.00
32198.00
32217.00
32236.00
32255.00
32274.00
32293.00
32312.00
32331.00
32350.00
32383.00
32402.00
32421.00
32440.00
32459.00
32478.00
32497.00
32516.00
32535.00
32554.00
32573.00
32592.00
32611.00
32644.00
32663.00
32682.00
32701.00
32720.00
32739.00
32758.00
32777.00
32796.00
32815.00
32834.00
32853.00
32872.00
32905.00
32924.00
32943.00
32962.00
32981.00
33000.00
33019.00
33038.00
33057.00
33076.00
33095.00
33114.00
33133.00
33166.00
33185.00
33204.00
33223.00
33242.00
33261.00
33280.00
33299.00
33318.00
33337.00
33356.00
33375.00
33394.00
33427.00
33446.00
33465.00
33484.00
33503.00
33522.00
33541.00
33560.00
33579.00
33598.00
33617.00
33636.00
33655.00
33688.00
33707.00
33726.00
33745.00
33764.00
33783.00
33802.00
33821.00
33840.00
33859.00
33878.00
33897.00
33916.00
33949.00
33968.00
33987.00
34006.00
34025.00
34044.00
34063.00
34082.00
34101.00
34120.00
34139.00
34158.00
34177.00
34210.00
34229.00
34248.00
34267.00
34286.00
34305.00
34324.00
34343.00
34362.00
34381.00
34400.00
34419.00
34438.00
34471.00
34490.00
34509.00
34528.00
34547.00
34566.00
34585.00
34604.00
34623.00
34642.00
34661.00
34680.00
34699.00
34732.00
34751.00
34770.00
34789.00
34808.00
34827.00
34846.00
34865.00
34884.00
34903.00
34922.00
34941.00
34960.00
34993.00
35012.00
35031.00
35050.00
35069.00
35088.00
35107.00
35126.00
35145.00
35164.00
35183.00
35202.00
35221.00
35254.00
35273.00
35292.00
35311.00
35330.00
35349.00
35368.00
35387.00
35406.00
35425.00
35444.00
35463.00
35482.00
35515.00
35534.00
35553.00
35572.00
35591.00
35610.00
35629.00
35648.00
35667.00
35686.00
35705.00
35724.00
35743.00
35776.00
35795.00
35814.00
35833.00
35852.00
35871.00
35890.00
35909.00
35928.00
35947.00
35966.00
35985.00
36004.00
36037.00
36056.00
36075.00
36094.00
36113.00
36132.00
36151.00
36170.00
36189.00
36208.00
36227.00
36246.00
36265.00
36298.00
36317.00
36336.00
36355.00
36374.00
36393.00
36412.00
36431.00
36450.00
36469.00
36488.00
36507.00
36526.00
36559.00
36578.00
36597.00
36616.00
36635.00
36654.00
36673.00
36692.00
36711.00
36730.00
36749.00
36768.00
36787.00
36820.00
36839.00
36858.00
36877.00
36896.00
36915.00
36934.00
36953.00
36972.00
36991.00
37010.00
37029.00
37048.00
37081.00
37100.00
37119.00
37138.00
37157.00
37176.00
37195.00
37214.00
37233.00
37252.00
37271.00
37290.00
37309.00
37342.00
37361.00
37380.00
37399.00
37418.00
37437.00
37456.00
37475.00
37494.00
37513.00
37532.00
37551.00
37570.00
37603.00
37622.00
37641.00
37660.00
37679.00
37698.00
37717.00
37736.00
37755.00
37774.00
37793.00
37812.00
37831.00
37864.00
37883.00
37902.00
37921.00
37940.00
37959.00
37978.00
37997.00
38016.00
38035.00
38054.00
38073.00
38092.00
38125.00
38144.00
38163.00
38182.00
38201.00
38220.00
38239.00
38258.00
38277.00
38296.00
38315.00
38334.00
38353.00
38386.00
38405.00
38424.00
38443.00
38462.00
38481.00
38500.00
38519.00
38538.00
38557.00
38576.00
38595.00
38614.00
38647.00
38666.00
38685.00
38704.00
38723.00
38742.00
38761.00
38780.00
38799.00
38818.00
38837.00
38856.00
38875.00
38908.00
38927.00
38946.00
38965.00
38984.00
39003.00
39022.00
39041.00
39060.00
39079.00
39098.00
39117.00
39136.00
39169.00
39188.00
39207.00
39226.00
39245.00
39264.00
39283.00
39302.00
39321.00
39340.00
39359.00
39378.00
39397.00
39430.00
39449.00
39468.00
39487.00
39506.00
39525.00
39544.00
39563.00
39582.00
39601.00
39620.00
39639.00
39658.00
39691.00
39710.00
39729.00
39748.00
39767.00
39786.00
39805.00
39824.00
39843.00
39862.00
39881.00
39900.00
39919.00
39952.00
39971.00
39990.00
40009.00
40028.00
40047.00
40066.00
40085.00
40104.00
40123.00
40142.00
40161.00
40180.00
40213.00
40232.00
40251.00
40270.00
40289.00
40308.00
40327.00
40346.00
40365.00
40384.00
40403.00
40422.00
40441.00
40474.00
40493.00
40512.00
40531.00
40550.00
40569.00
40588.00
40607.00
40626.00
40645.00
40664.00
40683.00
40702.00
40735.00
40754.00
40773.00
40792.00
40811.00
40830.00
40849.00
40868.00
40887.00
40906.00
40925.00
40944.00
40963.00
40996.00
41015.00
41034.00
41053.00
41072.00
41091.00
41110.00
41129.00
41148.00
41167.00
41186.00
41205.00
41224.00
41257.00
41276.00
41295.00
41314.00
41333.00
41352.00
41371.00
41390.00
41409.00
41428.00
41447.00
41466.00
41485.00
41518.00
41537.00
41556.00
41575.00
41594.00
41613.00
41632.00
41651.00
41670.00
41689.00
41708.00
41727.00
41746.00
41779.00
41798.00
41817.00
41836.00
41855.00
41874.00
41893.00
41912.00
41931.00
41950.00
41969.00
41988.00
42007.00
42040.00
42059.00
42078.00
42097.00
42116.00
42135.00
42154.00
42173.00
42192.00
42211.00
42230.00
42249.00
42268.00
42301.00
42320.00
42339.00
42358.00
42377.00
42396.00
42415.00
42434.00
42453.00
42472.00
42491.00
42510.00
42529.00
42562.00
42581.00
42600.00
42619.00
42638.00
42657.00
42676.00
42695.00
42714.00
42733.00
42752.00
42771.00
42790.00
42823.00
42842.00
42861.00
42880.00
42899.00
42918.00
42937.00
42956.00
42975.00
42994.00
43013.00
43032.00
43051.00
43084.00
43103.00
43122.00
43141.00
43160.00
43179.00
43198.00
43217.00
43236.00
43255.00
43274.00
43293.00
43312.00
43345.00
43364.00
43383.00
43402.00
43421.00
43440.00
43459.00
43478.00
43497.00
43516.00
43535.00
43554.00
43573.00
43606.00
43625.00
43644.00
43663.00
43682.00
43701.00
43720.00
43739.00
43758.00
43777.00
43796.00
43815.00
43834.00
43867.00
43886.00
43905.00
43924.00
43943.00
43962.00
43981.00
44000.00
44019.00
44038.00
44057.00
44076.00
44095.00
44128.00
44147.00
44166.00
44185.00
44204.00
44223.00
44242.00
44261.00
44280.00
44299.00
44318.00
44337.00
44356.00
44389.00
44408.00
44427.00
44446.00
44465.00
44484.00
44503.00
44522.00
44541.00
44560.00
44579.00
44598.00
44617.00
44650.00
44669.00
44688.00
44707.00
44726.00
44745.00
44764.00
44783.00
44802.00
44821.00
44840.00
44859.00
44878.00
44911.00
44930.00
44949.00
44968.00
44987.00
45006.00
45025.00
45044.00
45063.00
45082.00
45101.00
45120.00
45139.00
45172.00
45191.00
45210.00
45229.00
45248.00
45267.00
45286.00
45305.00
45324.00
45343.00
45362.00
45381.00
45400.00
45433.00
45452.00
45471.00
45490.00
45509.00
45528.00
45547.00
45566.00
45585.00
45604.00
45623.00
45642.00
45661.00
45694.00
45713.00
45732.00
45751.00
45770.00
45789.00
45808.00
45827.00
45846.00
45865.00
45884.00
45903.00
45922.00
45955.00
45974.00
45993.00
46012.00
46031.00
46050.00
46069.00
46088.00
46107.00
46126.00
46145.00
46164.00
46183.00
46216.00
46235.00
46254.00
46273.00
46292.00
46311.00
46330.00
46349.00
46368.00
46387.00
46406.00
46425.00
46444.00
46477.00
46496.00
46515.00
46534.00
46553.00
46572.00
46591.00
46610.00
46629.00
46648.00
46667.00
46686.00
46705.00
46738.00
46757.00
46776.00
46795.00
46814.00
46833.00
46852.00
46871.00
46890.00
46909.00
46928.00
46947.00
46966.00
46999.00
47018.00
47037.00
47056.00
47075.00
47094.00
47113.00
47132.00
47151.00
47170.00
47189.00
47208.00
47227.00
47260.00
47279.00
47298.00
47317.00
47336.00
47355.00
47374.00
47393.00
47412.00
47431.00
47450.00
47469.00
47488.00
47521.00
47540.00
47559.00
47578.00
47597.00
47616.00
47635.00
47654.00
47673.00
47692.00
47711.00
47730.00
47749.00
47782.00
47801.00
47820.00
47839.00
47858.00
47877.00
47896.00
47915.00
47934.00
47953.00
47972.00
47991.00
48010.00
48043.00
48062.00
48081.00
48100.00
48119.00
48138.00
48157.00
48176.00
48195.00
48214.00
48233.00
48252.00
48271.00
48304.00
48323.00
48342.00
48361.00
48380.00
48399.00
48418.00
48437.00
48456.00
48475.00
48494.00
48513.00
48532.00
48565.00
48584.00
48603.00
48622.00
48641.00
48660.00
48679.00
48698.00
48717.00
48736.00
48755.00
48774.00
48793.00
48826.00
48845.00
48864.00
48883.00
48902.00
48921.00
48940.00
48959.00
48978.00
48997.00
49016.00
49035.00
49054.00
49087.00
49106.00
49125.00
49144.00
49163.00
49182.00
49201.00
49220.00
49239.00
49258.00
49277.00
49296.00
49315.00
49348.00
49367.00
49386.00
49405.00
49424.00
49443.00
49462.00
49481.00
49500.00
49519.00
49538.00
49557.00
49576.00
49609.00
49628.00
49647.00
49666.00
49685.00
49704.00
49723.00
49742.00
49761.00
49780.00
49799.00
49818.00
49837.00
49870.00
49889.00
49908.00
49927.00
49946.00
49965.00
49984.00
50003.00
50022.00
50041.00
50060.00
50079.00
50098.00
50131.00
50150.00
50169.00
50188.00
50207.00
50226.00
50245.00
50264.00
50283.00
50302.00
50321.00
50340.00
50359.00
50392.00
50411.00
50430.00
50449.00
50468.00
50487.00
50506.00
50525.00
50544.00
50563.00
50582.00
50601.00
50620.00
50653.00
50672.00
50691.00
50710.00
50729.00
50748.00
50767.00
50786.00
50805.00
50824.00
50843.00
50862.00
50881.00
50914.00
50933.00
50952.00
50971.00
50990.00
51009.00
51028.00
51047.00
51066.00
51085.00
51104.00
51123.00
51142.00
51175.00
51194.00
51213.00
51232.00
51251.00
51270.00
51289.00
51308.00
51327.00
51346.00
51365.00
51384.00
51403.00
51436.00
51455.00
51474.00
51493.00
51512.00
51531.00
51550.00
51569.00
51588.00
51607.00
51626.00
51645.00
51664.00
51697.00
51716.00
51735.00
51754.00
51773.00
51792.00
51811.00
51830.00
51849.00
51868.00
51887.00
51906.00
51925.00
51958.00
51977.00
51996.00
52015.00
52034.00
52053.00
52072.00
52091.00
52110.00
52129.00
52148.00
52167.00
52186.00
