0.67
0.83
0.80
0.42
0.46
0.46
0.47
0.58
0.54
0.44
0.50
0.28
0.48
0.39
0.42
0.42
0.34
0.35
0.44
0.44
0.34
0.31
0.42
0.33
0.46
0.57
0.44
0.24
0.28
0.22
0.27
0.27
0.44
0.34
0.28
0.44
0.42
0.34
0.43
0.37
0.25
0.24
0.22
0.43
0.26
0.22
0.30
0.40
0.33
0.24
0.35
0.40
0.15
0.22
0.35
0.27
0.26
0.56
0.40
0.34
0.39
0.39
0.20
0.32
0.24
0.24
0.19
0.18
0.23
0.28
0.25
0.32
0.29
0.28
0.24
0.51
0.41
0.31
0.30
0.38
0.15
0.33
0.16
0.20
0.32
0.26
0.36
0.34
0.14
0.28
0.33
0.19
0.19
0.15
0.32
0.17
0.28
0.33
0.28
0.25
0.26
0.36
0.37
0.24
0.29
0.19
0.18
0.36
0.32
0.24
0.28
0.29
0.27
0.38
0.23
0.24
0.34
0.20
0.27
0.25
0.30
0.15
0.19
0.38
0.29
0.28
0.24
0.18
0.38
0.24
0.35
0.13
0.20
0.32
0.29
0.24
0.16
0.17
0.34
0.27
0.21
0.21
0.24
0.24
0.29
0.26
0.18
0.20
0.12
0.17
0.22
0.27
0.27
0.21
0.24
0.31
0.42
0.24
0.22
0.24
0.21
0.15
0.28
0.28
0.18
0.14
0.25
0.36
0.25
0.24
0.32
0.22
0.13
0.16
0.26
0.38
0.25
0.32
0.20
0.22
0.24
0.18
0.12
0.15
0.17
0.23
0.31
0.17
0.18
0.15
0.37
0.28
0.17
0.26
0.13
0.13
0.07
0.21
0.15
0.53
0.36
0.21
0.31
0.25
0.33
0.14
0.19
0.24
0.14
0.32
0.12
0.26
0.17
0.21
0.22
0.22
0.17
0.20
0.18
0.34
0.11
0.18
0.12
0.20
0.11
0.28
0.20
0.19
0.17
0.18
0.26
0.29
0.20
0.14
0.18
0.19
0.10
0.22
0.09
0.17
0.20
0.16
0.11
0.34
0.23
0.23
0.28
0.13
0.19
0.20
0.09
0.21
0.16
0.22
0.19
0.10
0.27
0.22
0.18
0.22
0.14
0.20
0.14
0.13
0.15
0.29
0.08
0.32
0.19
0.41
0.28
0.21
0.20
0.19
0.07
0.23
0.15
0.26
0.19
0.24
0.18
0.25
0.20
0.18
0.11
0.16
0.12
0.18
0.18
0.15
0.10
0.16
0.11
0.21
0.18
0.18
0.06
0.18
0.21
0.11
0.19
0.12
0.08
0.20
0.15
0.19
0.19
0.18
0.11
0.17
0.23
0.22
0.23
0.16
0.13
0.33
0.26
0.35
0.13
0.25
0.26
0.16
0.15
0.19
0.21
0.25
0.26
0.04
0.20
0.12
0.06
0.09
0.11
0.19
0.18
0.19
0.19
0.13
0.21
0.20
0.33
0.07
0.18
0.20
0.25
0.20
0.18
0.19
0.16
0.21
0.19
0.20
0.10
0.29
0.17
0.13
0.25
0.18
0.09
0.21
0.18
0.28
0.20
0.21
0.30
0.11
0.16
0.17
0.14
0.17
0.21
0.12
0.21
0.19
0.06
0.20
0.20
0.18
0.20
0.18
0.14
0.18
0.12
0.17
0.17
0.18
0.21
0.15
0.21
0.14
0.16
0.16
0.28
0.21
0.10
0.16
0.17
0.16
0.11
0.10
0.19
0.23
0.16
0.17
0.22
0.10
0.06
0.10
0.16
0.15
0.16
0.19
0.22
0.15
0.25
0.11
0.21
0.16
0.15
0.13
0.18
0.21
0.15
0.20
0.19
0.25
0.16
0.20
0.14
0.13
0.19
0.14
0.21
0.11
0.19
0.09
0.13
0.12
0.27
0.22
0.12
0.24
0.14
0.17
0.18
0.12
0.18
0.15
0.07
0.25
0.22
0.15
0.19
0.14
0.15
0.18
0.17
0.15
0.21
0.09
0.19
0.08
0.09
0.24
0.12
0.18
0.12
0.23
0.27
0.20
0.07
0.09
0.16
0.10
0.20
0.12
0.20
0.16
0.13
0.08
0.17
0.18
0.09
0.14
0.12
0.16
0.28
0.09
0.08
0.14
0.20
0.12
0.10
0.07
0.22
0.21
0.07
0.19
0.19
0.23
0.23
0.19
0.18
0.09
0.38
0.19
0.16
0.13
0.10
0.12
0.17
0.11
0.14
0.12
0.14
0.10
0.10
0.14
0.16
0.29
0.14
0.27
0.14
0.11
0.11
0.09
0.15
0.14
0.11
0.16
0.12
0.10
0.16
0.13
0.14
0.10
0.20
0.19
0.07
0.24
0.12
0.20
0.12
0.18
0.38
0.20
0.10
0.14
0.14
0.08
0.13
0.10
0.06
0.14
0.11
0.09
0.08
0.22
0.24
0.10
0.22
0.07
0.06
0.17
0.07
0.22
0.17
0.10
0.22
0.17
0.09
0.16
0.07
0.18
0.15
0.08
0.19
0.11
0.07
0.09
0.10
0.05
0.11
0.13
0.21
0.10
0.13
0.13
0.16
0.09
0.16
0.19
0.22
0.15
0.13
0.19
0.10
0.15
0.15
0.12
0.10
0.06
0.12
0.08
0.11
0.15
0.08
0.07
0.09
0.09
0.07
0.09
0.10
0.22
0.12
0.11
0.13
0.15
0.17
0.12
0.18
0.10
0.07
0.18
0.07
0.15
0.17
0.13
0.09
0.15
0.09
0.07
0.09
0.08
0.17
0.08
0.22
0.17
0.25
0.21
0.13
0.13
0.14
0.16
0.14
0.15
0.19
0.15
0.20
0.18
0.17
0.18
0.12
0.19
0.13
0.12
0.03
0.17
0.19
0.19
0.12
0.09
0.08
0.21
0.05
0.15
0.17
0.11
0.06
0.15
0.08
0.22
0.27
0.18
0.25
0.06
0.15
0.14
0.10
0.21
0.11
0.24
0.10
0.14
0.13
0.11
0.19
0.10
0.22
0.11
0.09
0.08
0.11
0.13
0.09
0.11
0.22
0.10
0.12
0.22
0.16
0.12
0.07
0.07
0.08
0.09
0.11
0.09
0.07
0.27
0.10
0.10
0.12
0.15
0.09
0.09
0.12
0.14
0.13
0.06
0.06
0.10
0.06
0.15
0.18
0.19
0.16
0.09
0.09
0.27
0.28
0.11
0.14
0.07
0.09
0.17
0.10
0.08
0.14
0.10
0.21
0.13
0.16
0.17
0.17
0.07
0.15
0.08
0.13
0.07
0.09
0.18
0.21
0.17
0.15
0.05
0.11
0.11
0.08
0.17
0.24
0.12
0.06
0.12
0.21
0.10
0.06
0.06
0.10
0.09
0.13
0.19
0.07
0.17
0.18
0.14
0.11
0.16
0.12
0.08
0.11
0.21
0.11
0.08
0.12
0.06
0.13
0.10
0.14
0.21
0.06
0.07
0.15
0.08
0.12
0.08
0.06
0.05
0.04
0.11
0.15
0.21
0.16
0.13
0.12
0.08
0.11
0.09
0.04
0.07
0.09
0.14
0.10
0.13
0.15
0.13
0.08
0.07
0.05
0.19
0.12
0.07
0.08
0.06
0.13
0.16
0.13
0.04
0.06
0.11
0.13
0.15
0.14
0.12
0.18
0.08
0.12
0.13
0.10
0.11
0.11
0.11
0.05
0.09
0.16
0.06
0.13
0.14
0.11
0.14
0.09
0.08
0.09
0.07
0.09
0.11
0.04
0.14
0.16
0.07
0.14
0.06
0.13
0.16
0.02
0.07
0.22
0.26
0.13
0.16
0.05
0.08
0.09
0.10
0.09
0.07
0.11
0.27
0.08
0.20
0.08
0.13
0.05
0.18
0.11
0.08
0.04
0.06
0.07
0.05
0.13
0.05
0.13
0.21
0.28
0.06
0.13
0.08
0.03
0.20
0.09
0.06
0.07
0.16
0.12
0.14
0.07
0.07
0.13
0.20
0.07
0.08
0.06
0.04
0.08
0.14
0.09
0.03
0.13
0.09
0.10
0.09
0.11
0.10
0.08
0.13
0.16
0.03
0.07
0.05
0.12
0.05
0.06
0.22
0.13
0.22
0.13
0.16
0.07
0.13
0.12
0.02
0.11
0.12
0.08
0.18
0.18
0.18
0.06
0.06
0.08
0.16
0.10
0.14
0.09
0.22
0.08
0.13
0.12
0.18
0.15
0.10
0.08
0.14
0.07
0.10
0.05
0.18
0.03
0.05
0.10
0.07
0.14
0.07
0.03
0.10
0.07
0.07
0.15
0.09
0.19
0.13
0.08
0.18
0.13
0.07
0.10
0.08
0.05
0.13
0.09
0.15
0.24
0.12
0.09
0.08
0.10
0.14
0.11
0.12
0.08
0.08
0.08
0.10
0.05
0.02
0.12
0.04
0.02
0.08
0.08
0.27
0.13
0.11
0.10
0.10
0.09
0.09
0.07
0.16
0.13
0.06
0.05
0.11
0.05
0.09
0.22
0.07
0.05
0.08
0.10
0.06
0.03
0.09
0.07
0.10
0.28
0.08
0.08
0.07
0.06
0.12
0.10
0.04
0.04
0.06
0.16
0.05
0.07
0.12
0.12
0.04
0.05
0.10
0.04
0.03
0.10
0.11
0.09
0.05
0.07
0.06
0.10
0.19
0.19
0.21
0.12
0.05
0.03
0.14
0.08
0.03
0.12
0.10
0.04
0.11
0.05
0.05
0.12
0.09
0.05
0.01
0.05
0.11
0.17
0.11
0.11
0.05
0.04
0.08
0.09
0.13
0.12
0.08
0.08
0.01
0.11
0.10
0.08
0.10
0.15
0.04
0.16
0.04
0.09
0.08
0.06
0.05
0.03
0.13
0.12
0.04
0.11
0.08
0.15
0.02
0.13
0.16
0.06
0.09
0.11
0.06
0.13
0.07
0.07
0.08
0.03
0.04
0.08
0.13
0.03
0.14
0.06
0.05
0.08
0.08
0.08
0.14
0.07
0.07
0.09
0.10
0.04
0.04
0.04
0.04
0.16
0.14
0.02
0.04
0.09
0.10
0.17
0.20
0.06
0.06
0.18
0.09
0.05
0.05
0.08
0.04
0.11
0.05
0.15
0.08
0.10
0.02
0.03
0.07
0.03
0.05
0.03
0.02
0.05
0.03
0.08
0.08
0.11
0.15
0.03
0.02
0.08
0.08
0.06
0.12
0.05
0.13
0.03
0.05
0.02
0.04
0.07
0.03
0.05
0.07
0.04
0.05
0.11
0.14
0.07
0.06
0.05
0.03
0.05
0.08
0.04
0.11
0.02
0.10
0.07
0.10
0.06
0.09
0.09
0.07
0.04
0.11
0.17
0.08
0.04
0.08
0.05
0.05
0.25
0.09
0.09
0.05
0.05
0.02
0.02
0.05
0.08
0.06
0.07
0.08
0.08
0.06
0.05
0.08
0.04
0.07
0.09
0.06
0.10
0.18
0.08
0.13
0.05
0.06
0.07
0.04
0.01
0.13
0.03
0.02
0.06
0.02
0.06
0.13
0.17
0.07
0.03
0.01
0.03
0.06
0.18
0.07
0.14
0.03
0.05
0.03
0.02
0.03
0.10
0.03
0.04
0.04
0.04
0.05
0.03
0.07
0.04
0.08
0.08
0.04
0.18
0.08
0.07
0.08
0.02
0.06
0.01
0.10
0.01
0.03
0.07
0.01
0.04
0.13
0.15
0.03
0.09
0.04
0.05
0.06
0.08
0.08
0.04
0.01
0.04
0.03
0.06
0.04
0.05
0.03
0.01
0.04
0.04
0.03
0.03
0.05
0.06
0.07
0.09
0.10
0.02
0.04
0.07
0.01
0.05
0.01
0.05
0.11
0.02
0.02
0.10
0.04
0.08
0.02
0.05
0.02
0.02
0.01
0.07
0.02
0.04
0.07
0.01
0.07
0.04
0.06
0.03
0.06
0.08
0.02
0.03
0.04
0.03
0.07
0.03
0.06
0.04
0.01
0.06
0.05
0.04
0.08
0.02
0.01
0.08
0.12
0.10
0.10
0.10
0.03
0.03
0.03
0.03
0.02
0.03
0.14
0.06
0.03
0.01
0.02
0.08
0.04
0.05
0.04
0.03
0.03
0.02
0.02
0.04
0.04
0.06
0.11
0.04
0.14
0.02
0.12
0.04
0.07
0.03
0.08
0.08
0.04
0.05
0.05
0.01
0.05
0.04
0.03
0.10
0.05
0.08
0.01
0.06
0.03
0.04
0.05
0.11
0.05
0.04
0.05
0.10
0.05
0.12
0.01
0.07
0.04
0.05
0.04
0.03
0.04
0.05
0.03
0.02
0.06
0.03
0.04
0.06
0.06
0.03
0.09
0.06
0.11
0.05
0.02
0.04
0.03
0.01
0.02
0.03
0.03
0.04
0.01
0.04
0.02
0.02
0.09
0.02
0.02
0.02
0.05
0.02
0.09
0.05
0.01
0.02
0.03
0.01
0.09
0.02
0.03
0.05
0.03
0.08
0.04
0.02
0.06
0.05
0.02
0.16
0.01
0.05
0.04
0.05
0.07
0.08
0.01
0.03
0.02
0.16
0.02
0.04
0.05
0.06
0.01
0.05
0.01
0.01
0.09
0.03
0.07
0.11
0.04
0.01
0.02
0.02
0.03
0.05
0.08
0.05
0.05
0.00
0.03
0.08
0.04
0.01
0.00
0.01
0.04
0.03
0.03
0.01
0.01
0.02
0.02
0.07
0.01
0.03
0.06
0.11
0.03
0.01
0.01
0.03
0.01
0.01
0.00
0.04
0.01
0.04
0.01
0.07
0.02
0.03
0.04
0.01
0.04
0.03
0.10
0.04
0.01
0.01
0.01
0.01
0.01
0.04
0.01
0.02
0.04
0.03
0.02
0.01
0.06
0.03
0.01
0.01
0.01
0.01
0.06
0.00
0.05
0.06
0.03
0.04
0.05
0.02
0.03
0.04
0.05
0.01
0.03
0.02
0.03
0.01
0.03
0.01
0.01
0.01
0.00
0.01
0.03
0.04
0.02
0.02
0.00
0.04
0.03
0.03
0.01
0.04
0.01
0.00
0.06
0.01
0.02
0.01
0.02
0.01
0.01
0.07
0.02
0.03
0.05
0.08
0.01
0.01
0.01
0.04
0.02
0.05
0.00
0.00
0.01
0.01
0.02
0.03
0.00
0.00
0.02
0.00
0.01
0.00
0.02
0.00
0.02
0.01
0.01
0.01
0.01
0.00
0.01
0.03
0.02
0.01
0.00
0.04
0.00
0.02
0.02
0.00
0.01
0.00
0.01
0.01
0.02
0.01
0.07
0.00
0.03
0.00
0.06
0.01
0.02
0.01
0.03
0.02
0.02
0.06
0.05
0.01
0.00
0.08
0.05
0.04
0.00
0.01
0.02
0.00
0.04
0.01
0.00
0.00
0.00
0.03
0.01
0.01
0.01
0.00
0.00
0.00
0.01
0.01
0.01
0.04
0.02
0.03
0.01
0.00
0.02
0.01
0.01
0.02
0.01
0.08
0.00
0.04
0.00
0.01
0.01
0.01
0.01
0.00
0.00
0.04
0.01
0.02
0.00
0.01
0.02
0.00
0.02
0.01
0.04
0.02
0.00
0.00
0.01
0.00
0.00
0.01
0.01
0.01
0.01
0.01
0.01
0.08
0.01
0.00
0.09
0.00
0.00
0.00
0.01
0.00
0.00
0.03
0.02
0.00
0.01
0.01
0.04
0.04
0.07
0.01
0.00
0.04
0.01
0.00
0.00
0.02
0.01
0.01
0.00
0.01
0.00
0.00
0.00
0.01
0.03
0.00
0.03
0.00
0.00
0.02
0.03
0.00
0.03
0.00
0.00
0.00
0.00
0.01
0.00
0.05
0.00
0.00
0.01
0.01
0.00
0.03
0.01
0.01
0.02
0.00
0.00
0.00
0.03
0.00
0.00
0.00
0.01
0.01
0.00
0.00
0.01
0.00
0.00
0.01
0.03
0.05
0.00
0.00
0.01
0.01
0.02
0.02
0.00
0.01
0.00
0.00
0.00
0.01
0.01
0.00
0.00
0.01
0.00
0.00
0.01
0.01
0.00
0.01
0.00
0.01
0.02
0.00
0.00
0.00
0.00
0.00
0.01
0.02
0.00
0.01
0.00
0.00
0.01
0.00
0.00
0.02
0.00
0.00
0.02
0.01
0.00
0.00
0.00
0.01
0.00
0.00
0.00
0.04
0.01
0.02
0.00
0.00
0.01
0.00
0.04
0.00
0.00
0.00
0.00
0.00
0.00
0.00
0.03
0.00
0.00
0.00
0.00
0.00
0.04
0.00
0.00
0.01
0.00
0.01
0.02
0.00
0.01
0.04
0.00
0.00
0.00
0.00
0.01
0.00
0.00
0.00
0.00
0.00
0.01
0.00
0.00
0.00
0.00
0.00
0.00
0.01
0.01
0.00
0.01
0.00
0.00
0.01
0.00
0.00
0.00
0.02
0.00
0.00
0.00
0.00
0.03
0.00
0.00
0.00
0.00
0.00
0.00
0.00
0.00
0.00
0.00
0.00
0.01
0.00
0.00
0.00
0.00
0.00
0.00
0.00
0.00
0.01
0.00
0.02
0.00
0.00
0.00
0.01
0.00
0.00
0.00
0.00
0.00
0.00
0.00
0.00
0.00
0.00
0.00
0.00
0.00
0.00
0.00
0.00
0.00
0.00
0.00
0.00
0.00
0.01
0.00
0.00
0.03
0.01
0.00
0.01
0.00
0.00
0.00
0.00
0.00
0.04
0.00
0.00
0.02
0.00
0.00
0.00
0.04
0.00
0.00
0.00
0.00
0.01
0.00
0.07
0.00
0.00
0.00
0.04
0.00
0.00
0.01
0.00
0.00
0.00
0.00
0.00
0.00
0.00
0.00
0.01
0.00
0.00
0.00
0.00
0.00
0.00
0.00
0.00
0.00
0.00
0.00
0.00
0.00
0.00
0.00
0.00
0.00
0.00
0.00
0.00
0.00
0.00
0.00
0.00
0.00
0.00
0.00
0.00
0.00
0.00
0.00
0.00
0.00
0.00
0.00
0.00
0.00
0.00
0.00
0.00
0.04
0.00
0.00
0.00
0.00
0.00
0.00
0.00
0.00
0.00
0.01
0.00
0.00
0.00
0.00
0.00
0.00
0.00
0.00
0.00
0.01
0.00
0.00
0.00
0.00
0.00
0.00
0.00
0.00
0.00
0.01
0.00
0.00
0.00
0.00
0.00
0.00
0.01
0.00
0.00
0.00
0.00
0.00
0.00
0.00
0.02
0.00
0.00
0.02
0.00
0.00
0.00
0.00
0.00
0.00
0.00
0.00
0.00
0.00
0.00
0.00
0.02
0.00
0.00
0.00
0.00
0.00
0.00
0.00
0.00
0.00
0.00
0.00
0.00
0.00
0.00
0.00
0.00
0.00
0.00
0.00
0.00
0.00
0.00
0.00
0.00
0.00
0.01
0.00
0.00
0.00
0.00
0.00
0.01
0.00
0.00
0.00
0.00
0.00
0.00
0.00
0.00
0.00
0.00
0.00
0.00
0.01
0.00
0.00
0.00
0.00
0.00
0.01
0.00
0.00
0.00
0.00
0.02
0.00
0.00
0.00
0.00
0.00
0.00
0.00
0.00
0.00
0.00
0.00
0.00
0.00
0.00
0.00
0.00
0.00
0.00
0.00
0.01
0.00
0.00
0.00
0.00
0.00
0.00
0.00
0.00
0.00
0.00
0.00
0.00
0.00
0.00
0.00
0.00
0.00
0.00
0.00
0.00
0.00
0.00
0.00
0.00
0.00
0.00
0.00
0.00
0.00
0.00
0.00
0.00
0.00
0.00
0.00
0.00
0.00
0.00
0.00
0.00
0.00
0.00
0.00
0.00
0.00
0.01
0.00
0.00
0.00
0.00
0.00
0.01
0.00
0.00
0.01
0.00
0.00
0.00
0.00
0.00
0.00
0.00
0.00
0.00
0.00
0.00
0.00
0.00
0.00
0.00
0.00
0.00
0.00
0.00
0.00
0.00
0.01
0.00
0.00
0.00
0.00
0.00
0.00
0.01
0.00
0.00
0.01
0.00
0.00
0.00
0.00
0.00
0.00
0.00
0.00
0.00
0.00
0.00
0.00
0.00
0.00
0.00
0.00
0.00
0.00
0.00
0.00
0.00
0.00
0.00
0.00
0.00
0.06
0.00
0.00
0.00
0.00
0.00
0.00
0.00
0.00
0.00
0.00
0.00
0.00
0.00
0.00
0.00
0.00
0.00
0.00
0.00
0.00
0.01
0.00
0.00
0.00
0.00
0.00
0.00
0.00
0.00
0.00
0.00
0.00
0.00
0.00
0.00
0.00
0.00
0.01
0.00
0.00
0.00
0.00
0.00
0.00
0.00
0.00
0.00
0.00
0.02
0.00
0.00
0.00
0.00
0.00
0.00
0.00
0.00
0.00
0.00
0.00
0.00
0.00
0.00
0.00
0.00
0.00
0.00
0.00
0.00
0.00
0.00
0.00
0.00
0.00
0.00
0.00
0.00
0.00
0.00
0.00
0.00
0.00
0.00
0.00
0.00
0.00
0.00
0.00
0.00
0.00
0.00
0.00
0.00
0.02
0.00
0.00
0.00
0.00
0.00
0.00
0.00
0.00
0.00
0.00
0.00
0.00
0.00
0.00
0.00
0.00
0.00
0.00
0.00
0.00
0.00
0.00
0.00
0.00
0.00
0.00
0.00
0.00
0.00
0.00
0.00
0.00
0.00
0.00
0.00
0.00
0.00
0.00
0.00
0.00
0.00
0.00
0.00
0.00
0.01
0.00
0.00
0.00
0.00
0.00
0.00
0.00
0.00
0.00
0.00
0.00
0.00
0.00
0.00
0.00
0.00
0.00
0.00
0.00
0.00
0.00
0.00
0.00
0.00
0.00
0.00
0.00
0.00
0.00
0.00
0.00
0.00
0.00
0.00
0.00
0.00
0.00
0.00
0.00
0.00
0.00
0.00
0.00
0.00
0.00
0.00
0.00
0.00
0.00
0.00
0.00
0.00
0.00
0.00
0.00
0.00
0.00
0.00
0.00
0.00
0.00
0.00
0.00
0.00
0.00
0.00
0.00
0.00
0.00
0.00
0.00
0.00
0.00
0.00
0.00
0.00
0.00
0.00
0.00
0.00
0.00
0.00
0.00
0.00
0.00
0.00
0.00
0.00
0.00
0.00
0.00
0.00
0.00
0.00
0.00
0.00
0.00
0.00
0.00
0.00
0.00
0.00
0.00
0.00
0.00
0.00
0.00
0.00
0.00
0.00
0.00
0.00
0.00
0.00
0.00
0.00
0.00
0.00
0.00
0.00
0.00
0.00
0.00
0.00
0.01
0.00
0.00
0.00
0.00
0.00
0.00
0.00
0.00
0.00
0.00
0.00
0.01
0.00
0.00
0.00
0.00
0.00
0.00
0.00
0.00
0.00
0.00
0.00
0.00
