1.36
0.50
0.75
0.53
1.11
0.36
0.36
0.46
0.80
0.48
0.41
0.88
0.46
0.53
0.32
0.63
0.64
0.27
0.40
0.79
0.55
0.18
0.48
0.49
0.49
0.63
0.49
0.19
0.90
0.56
0.34
0.17
0.35
0.23
0.14
0.10
0.46
0.21
0.27
0.23
0.47
0.10
0.81
0.09
0.24
0.46
0.12
0.22
0.03
0.04
0.51
0.20
0.06
0.80
0.13
0.15
0.19
0.10
0.06
0.25
0.22
0.04
0.50
0.10
0.07
0.27
0.04
0.13
0.24
0.02
0.09
0.14
0.27
0.09
0.09
0.36
0.15
0.14
0.27
0.17
0.02
0.35
0.21
0.22
0.02
0.14
0.07
0.05
0.23
0.11
0.02
0.02
0.51
0.05
0.12
0.31
0.06
0.00
0.23
0.10
0.13
0.14
0.02
0.03
0.16
0.01
0.02
0.11
0.00
0.29
0.32
0.00
0.03
0.16
0.02
0.01
0.02
0.07
0.04
0.00
0.11
0.01
0.03
0.00
0.10
0.03
0.03
0.02
0.01
0.01
0.02
0.00
0.00
0.03
0.10
0.00
0.00
0.01
0.01
0.03
0.01
0.00
0.00
0.09
0.09
0.00
0.01
0.00
0.03
0.01
0.01
0.00
0.00
0.02
0.00
0.00
0.00
0.01
0.00
0.00
0.09
0.01
0.12
0.02
0.01
0.00
0.00
0.01
0.00
0.00
0.02
0.04
0.00
0.01
0.01
0.08
0.00
0.00
0.00
0.00
0.01
0.00
0.01
0.00
0.00
0.19
0.00
0.00
0.00
0.00
0.00
0.03
0.00
0.00
0.08
0.02
0.01
0.00
0.00
0.00
