1.45
1.15
1.01
0.83
0.72
0.76
0.64
0.61
0.52
0.50
0.79
0.66
0.63
0.67
0.60
0.69
0.61
0.44
0.43
0.61
0.63
0.58
0.49
0.58
0.54
0.47
0.52
0.49
0.58
0.62
0.58
0.58
0.65
0.43
0.35
0.54
0.43
0.45
0.55
0.46
0.42
0.51
0.72
0.46
0.54
0.42
0.36
0.27
0.22
0.42
0.56
0.40
0.28
0.46
0.37
0.28
0.36
0.36
0.41
0.59
0.42
0.40
0.47
0.66
0.39
0.44
0.35
0.53
0.44
0.42
0.40
0.54
0.41
0.43
0.47
0.28
0.33
0.46
0.40
0.30
0.36
0.30
0.38
0.39
0.60
0.36
0.47
0.44
0.23
0.31
0.33
0.38
0.36
0.41
0.37
0.45
0.37
0.21
0.38
0.48
0.19
0.33
0.39
0.27
0.34
0.27
0.45
0.31
0.44
0.34
0.21
0.29
0.35
0.31
0.24
0.40
0.37
0.37
0.43
0.32
0.30
0.28
0.32
0.32
0.25
0.19
0.42
0.26
0.19
0.43
0.40
0.37
0.29
0.32
0.47
0.32
0.37
0.33
0.42
0.26
0.47
0.31
0.34
0.41
0.43
0.29
0.20
0.26
0.26
0.30
0.43
0.22
0.28
0.27
0.27
0.22
0.16
0.40
0.24
0.31
0.30
0.30
0.24
0.16
0.22
0.27
0.38
0.26
0.23
0.22
0.28
0.44
0.22
0.23
0.14
0.38
0.21
0.18
0.39
0.45
0.20
0.37
0.32
0.31
0.33
0.31
0.29
0.21
0.47
0.20
0.32
0.24
0.23
0.20
0.29
0.29
0.24
0.24
0.33
0.21
0.19
0.26
0.36
0.29
0.29
0.42
0.33
0.23
0.34
0.22
0.21
0.21
0.33
0.13
0.24
0.22
0.27
0.28
0.31
0.22
0.25
0.27
0.24
0.28
0.32
0.10
0.15
0.16
0.24
0.25
0.29
0.12
0.18
0.25
0.12
0.19
0.16
0.34
0.24
0.17
0.21
0.29
0.16
0.24
0.15
0.19
0.20
0.14
0.33
0.22
0.25
0.31
0.21
0.25
0.30
0.31
0.17
0.10
0.12
0.14
0.16
0.29
0.16
0.23
0.33
0.16
0.24
0.16
0.17
0.14
0.12
0.17
0.12
0.14
0.09
0.23
0.17
0.22
0.32
0.11
0.32
0.09
0.20
0.20
0.35
0.21
0.15
0.25
0.18
0.10
0.12
0.10
0.27
0.14
0.22
0.21
0.25
0.10
0.22
0.19
0.17
0.12
0.28
0.25
0.17
0.06
0.20
0.14
0.26
0.11
0.20
0.23
0.18
0.33
0.20
0.11
0.07
0.18
0.16
0.24
0.10
0.31
0.19
0.21
0.10
0.24
0.20
0.15
0.30
0.10
0.36
0.20
0.13
0.16
0.22
0.13
0.16
0.16
0.16
0.15
0.21
0.32
0.07
0.24
0.23
0.19
0.17
0.16
0.12
0.18
0.24
0.10
0.08
0.17
0.10
0.15
0.12
0.22
0.10
0.23
0.19
0.29
0.12
0.09
0.18
0.17
0.18
0.07
0.14
0.21
0.08
0.15
0.11
0.16
0.10
0.20
0.20
0.07
0.18
0.12
0.07
0.15
0.30
0.15
0.10
0.21
0.16
0.15
0.16
0.11
0.11
0.09
0.08
0.15
0.16
0.06
0.08
0.11
0.08
0.19
0.09
0.10
0.09
0.18
0.15
0.16
0.14
0.10
0.19
0.30
0.14
0.10
0.17
0.17
0.20
0.07
0.17
0.23
0.11
0.21
0.22
0.19
0.22
0.20
0.14
0.11
0.26
0.13
0.07
0.15
0.04
0.13
0.18
0.06
0.14
0.27
0.11
0.25
0.10
0.24
0.11
0.17
0.05
0.14
0.15
0.09
0.12
0.16
0.14
0.19
0.05
0.12
0.08
0.20
0.11
0.17
0.16
0.03
0.09
0.11
0.14
0.17
0.17
0.16
0.14
0.07
0.11
0.10
0.16
0.17
0.04
0.13
0.14
0.11
0.04
0.07
0.15
0.18
0.15
0.08
0.15
0.04
0.09
0.12
0.09
0.19
0.13
0.17
0.07
0.11
0.12
0.12
0.22
0.13
0.09
0.11
0.08
0.06
0.32
0.10
0.04
0.20
0.07
0.08
0.12
0.04
0.19
0.05
0.09
0.10
0.22
0.15
0.08
0.09
0.06
0.03
0.05
0.09
0.13
0.09
0.15
0.07
0.21
0.07
0.18
0.16
0.09
0.09
0.16
0.13
0.14
0.10
0.10
0.06
0.17
0.16
0.04
0.17
0.09
0.09
0.21
0.05
0.16
0.17
0.06
0.14
0.19
0.07
0.07
0.13
0.11
0.06
0.24
0.14
0.12
0.10
0.07
0.09
0.07
0.12
0.08
0.08
0.06
0.15
0.07
0.12
0.11
0.05
0.21
0.19
0.06
0.07
0.04
0.05
0.11
0.13
0.08
0.22
0.19
0.07
0.16
0.11
0.07
0.09
0.13
0.11
0.16
0.10
0.08
0.18
0.09
0.05
0.17
0.04
0.11
0.04
0.06
0.15
0.05
0.14
0.10
0.07
0.09
0.11
0.06
0.15
0.09
0.11
0.19
0.13
0.07
0.14
0.16
0.07
0.06
0.07
0.10
0.04
0.22
0.03
0.08
0.14
0.11
0.04
0.04
0.10
0.11
0.15
0.15
0.14
0.10
0.07
0.12
0.12
0.11
0.07
0.08
0.10
0.05
0.12
0.07
0.08
0.07
0.04
0.09
0.12
0.05
0.09
0.05
0.10
0.09
0.09
0.04
0.04
0.02
0.20
0.15
0.12
0.11
0.15
0.04
0.05
0.02
0.05
0.06
0.24
0.19
0.09
0.07
0.03
0.11
0.03
0.20
0.08
0.13
0.12
0.02
0.05
0.03
0.04
0.07
0.10
0.07
0.02
0.04
0.11
0.08
0.07
0.07
0.08
0.08
0.12
0.06
0.05
0.09
0.03
0.08
0.11
0.12
0.01
0.04
0.26
0.06
0.03
0.22
0.11
0.07
0.07
0.04
0.06
0.03
0.05
0.11
0.05
0.12
0.04
0.01
0.10
0.04
0.10
0.07
0.06
0.05
0.11
0.13
0.14
0.09
0.17
0.03
0.08
0.05
0.02
0.02
0.03
0.10
0.06
0.01
0.02
0.03
0.03
0.11
0.05
0.01
0.07
0.03
0.16
0.13
0.02
0.02
0.07
0.04
0.06
0.09
0.05
0.06
0.03
0.07
0.04
0.04
0.17
0.12
0.18
0.12
0.08
0.09
0.12
0.06
0.07
0.05
0.10
0.07
0.09
0.03
0.09
0.04
0.11
0.08
0.10
0.06
0.06
0.05
0.02
0.08
0.02
0.02
0.04
0.03
0.01
0.01
0.13
0.05
0.08
0.15
0.03
0.01
0.05
0.01
0.07
0.10
0.14
0.05
0.05
0.11
0.04
0.03
0.03
0.13
0.04
0.05
0.15
0.04
0.03
0.01
0.02
0.01
0.01
0.17
0.12
0.08
0.04
0.07
0.04
0.04
0.03
0.06
0.04
0.07
0.06
0.07
0.04
0.01
0.01
0.02
0.01
0.02
0.04
0.05
0.01
0.10
0.04
0.03
0.02
0.11
0.04
0.06
0.06
0.05
0.03
0.03
0.02
0.06
0.01
0.01
0.02
0.03
0.02
0.03
0.02
0.01
0.01
0.06
0.01
0.04
0.01
0.09
0.02
0.01
0.02
0.01
0.01
0.05
0.06
0.02
0.00
0.01
0.02
0.00
0.05
0.02
0.04
0.02
0.05
0.01
0.02
0.03
0.03
0.02
0.01
0.06
0.06
0.06
0.06
0.04
0.04
0.05
0.02
0.13
0.05
0.06
0.02
0.03
0.07
0.02
0.01
0.01
0.01
0.02
0.01
0.02
0.01
0.05
0.03
0.02
0.02
0.03
0.01
0.01
0.09
0.01
0.03
0.04
0.01
0.03
0.01
0.00
0.01
0.03
0.03
0.04
0.01
0.01
0.06
0.02
0.06
0.05
0.04
0.01
0.01
0.01
0.04
0.00
0.00
0.06
0.04
0.04
0.02
0.01
0.04
0.01
0.00
0.03
0.03
0.00
0.02
0.03
0.01
0.04
0.00
0.01
0.06
0.03
0.04
0.01
0.04
0.02
0.01
0.01
0.01
0.03
0.02
0.01
0.02
0.02
0.02
0.01
0.01
0.00
0.02
0.01
0.00
0.03
0.02
0.00
0.00
0.02
0.01
0.00
0.02
0.00
0.01
0.02
0.01
0.00
0.01
0.01
0.01
0.02
0.04
0.00
0.02
0.05
0.02
0.01
0.00
0.01
0.02
0.01
0.01
0.03
0.00
0.01
0.00
0.00
0.01
0.00
0.00
0.01
0.01
0.01
0.01
0.00
0.00
0.01
0.00
0.03
0.08
0.01
0.00
0.01
0.00
0.01
0.00
0.01
0.01
0.01
0.00
0.01
0.01
0.00
0.00
0.00
0.04
0.02
0.01
0.06
0.02
0.01
0.02
0.00
0.01
0.04
0.00
0.00
0.00
0.00
0.00
0.00
0.02
0.00
0.02
0.02
0.00
0.01
0.00
0.00
0.01
0.00
0.02
0.01
0.00
0.01
0.00
0.00
0.00
0.02
0.00
0.00
0.00
0.00
0.01
0.02
0.00
0.02
0.01
0.00
0.01
0.00
0.00
0.00
0.00
0.00
0.00
0.00
0.01
0.00
0.02
0.00
0.00
0.01
0.01
0.00
0.00
0.00
0.01
0.00
0.00
0.00
0.00
0.00
0.00
0.00
0.00
0.00
0.01
0.00
0.03
0.00
0.00
0.00
0.00
0.00
0.02
0.00
0.00
0.00
0.00
0.00
0.01
0.01
0.00
0.00
0.00
0.05
0.00
0.00
0.00
0.00
0.00
0.00
0.00
0.00
0.00
0.00
0.00
0.00
0.00
0.00
0.00
0.00
0.00
0.00
0.02
0.01
0.01
0.01
0.00
0.01
0.00
0.00
0.01
0.00
0.00
0.00
0.02
0.02
0.00
0.00
0.01
0.01
0.01
0.00
0.00
0.02
0.00
0.01
0.00
0.00
0.00
0.00
0.01
0.00
0.00
0.01
0.00
0.00
0.00
0.00
0.03
0.00
0.00
0.00
0.00
0.00
0.00
0.00
0.00
0.00
0.00
0.00
0.00
0.01
0.00
0.00
0.00
0.00
0.00
0.00
0.00
0.00
0.00
0.01
0.00
0.00
0.00
0.00
0.00
0.00
0.00
0.00
0.00
0.00
0.01
0.00
0.01
0.01
0.00
0.00
0.00
0.00
0.01
0.00
0.00
0.00
0.00
0.00
0.00
0.00
0.00
0.00
0.00
0.00
0.00
0.00
0.01
0.00
0.00
0.00
0.00
0.00
0.00
0.00
0.00
0.00
0.00
0.00
0.00
0.00
0.00
0.00
0.00
0.00
0.00
0.00
0.00
0.00
0.00
0.00
0.01
0.00
0.00
0.00
0.00
0.00
0.00
0.00
0.00
0.00
0.00
0.00
0.00
0.01
0.00
0.02
0.01
0.00
0.00
0.00
0.00
0.00
0.00
0.00
0.00
0.00
0.00
0.00
0.00
0.00
0.00
0.00
0.00
0.00
0.00
0.00
0.00
0.00
0.00
0.04
0.00
0.00
0.00
0.00
0.00
0.00
0.00
0.00
0.00
0.00
0.00
0.00
0.00
0.00
0.00
0.00
0.00
0.00
0.00
0.00
0.00
0.00
0.00
0.00
0.00
0.00
0.00
0.00
0.00
0.00
0.00
0.01
0.00
0.00
0.00
0.00
0.00
0.00
0.00
0.00
0.00
0.00
0.00
0.00
0.00
0.00
0.00
0.00
0.01
0.00
0.00
0.02
0.00
0.00
0.00
0.02
0.00
0.00
0.00
0.00
0.00
0.00
0.00
0.00
0.01
0.00
0.00
0.00
0.00
0.00
0.00
0.00
0.00
0.00
0.00
0.00
0.00
0.00
0.00
0.00
0.00
0.00
0.00
0.01
0.00
0.00
0.00
0.00
0.00
0.01
0.00
0.00
0.00
0.00
0.00
0.00
0.00
0.00
0.00
0.00
0.00
0.00
0.00
0.00
0.00
0.00
0.00
0.00
0.00
0.00
0.00
0.00
0.00
0.00
0.01
0.01
0.00
0.00
0.00
0.00
0.00
0.00
0.00
0.01
0.00
0.00
0.00
0.00
0.00
0.00
0.00
0.00
0.00
0.00
0.00
0.00
0.00
0.01
0.00
0.00
0.00
0.00
0.00
0.00
0.00
0.00
0.00
0.02
0.00
0.00
0.00
0.00
0.00
0.00
0.00
0.00
0.00
0.00
0.00
0.00
0.00
0.00
0.00
0.00
0.00
0.00
0.00
0.00
0.00
0.02
0.00
0.00
0.00
0.00
0.00
0.00
0.00
0.00
0.00
0.02
0.00
0.00
0.00
0.00
0.00
0.00
0.00
0.00
0.00
0.00
0.00
0.00
0.00
0.00
0.00
0.00
0.00
0.00
0.00
0.00
0.00
0.00
0.00
0.00
0.00
0.00
0.00
0.00
0.00
0.00
0.00
0.00
0.00
0.00
0.00
0.00
0.00
0.00
0.00
0.00
0.00
0.00
0.00
0.00
0.00
0.00
0.00
0.00
0.00
0.00
0.00
0.00
0.00
0.00
0.00
0.00
0.00
0.00
0.00
0.00
0.01
0.00
0.00
0.00
0.00
0.00
0.00
0.00
0.00
0.00
0.00
0.00
0.00
0.00
0.00
0.00
0.00
0.00
0.02
0.00
0.00
0.00
0.00
0.00
0.00
0.01
0.00
0.00
0.00
0.00
0.00
0.00
0.01
0.00
0.00
0.00
0.00
0.00
0.01
0.00
0.00
0.00
0.00
0.00
0.00
0.00
0.00
0.00
0.00
0.00
0.00
0.00
0.00
