19.00
38.00
57.00
76.00
95.00
114.00
133.00
152.00
176.00
195.00
214.00
233.00
252.00
271.00
290.00
309.00
333.00
352.00
371.00
390.00
409.00
428.00
447.00
466.00
490.00
509.00
528.00
547.00
566.00
585.00
604.00
623.00
647.00
666.00
685.00
704.00
723.00
742.00
761.00
780.00
804.00
823.00
842.00
861.00
880.00
899.00
918.00
937.00
961.00
980.00
999.00
1018.00
1037.00
1056.00
1075.00
1094.00
1118.00
1137.00
1156.00
1175.00
1194.00
1213.00
1232.00
1251.00
1275.00
1294.00
1313.00
1332.00
1351.00
1370.00
1389.00
1408.00
1432.00
1451.00
1470.00
1489.00
1508.00
1527.00
1546.00
1565.00
1589.00
1608.00
1627.00
1646.00
1665.00
1684.00
1703.00
1722.00
1746.00
1765.00
1784.00
1803.00
1822.00
1841.00
1860.00
1879.00
1903.00
1922.00
1941.00
1960.00
1979.00
1998.00
2017.00
2036.00
2060.00
2079.00
2098.00
2117.00
2136.00
2155.00
2174.00
2193.00
2217.00
2236.00
2255.00
2274.00
2293.00
2312.00
2331.00
2350.00
2374.00
2393.00
2412.00
2431.00
2450.00
2469.00
2488.00
2507.00
2531.00
2550.00
2569.00
2588.00
2607.00
2626.00
2645.00
2664.00
2688.00
2707.00
2726.00
2745.00
2764.00
2783.00
2802.00
2821.00
2845.00
2864.00
2883.00
2902.00
2921.00
2940.00
2959.00
2978.00
3002.00
3021.00
3040.00
3059.00
3078.00
3097.00
3116.00
3135.00
3159.00
3178.00
3197.00
3216.00
3235.00
3254.00
3273.00
3292.00
3316.00
3335.00
3354.00
3373.00
3392.00
3411.00
3430.00
3449.00
3473.00
3492.00
3511.00
3530.00
3549.00
3568.00
3587.00
3606.00
3630.00
3649.00
3668.00
3687.00
3706.00
3725.00
3744.00
3763.00
3787.00
3806.00
3825.00
3844.00
3863.00
3882.00
3901.00
3920.00
3944.00
3963.00
3982.00
4001.00
4020.00
4039.00
4058.00
4077.00
4101.00
4120.00
4139.00
4158.00
4177.00
4196.00
4215.00
4234.00
4258.00
4277.00
4296.00
4315.00
4334.00
4353.00
4372.00
4391.00
4415.00
4434.00
4453.00
4472.00
4491.00
4510.00
4529.00
4548.00
4572.00
4591.00
4610.00
4629.00
4648.00
4667.00
4686.00
4705.00
4729.00
4748.00
4767.00
4786.00
4805.00
4824.00
4843.00
4862.00
4886.00
4905.00
4924.00
4943.00
4962.00
4981.00
5000.00
5019.00
5043.00
5062.00
5081.00
5100.00
5119.00
5138.00
5157.00
5176.00
5200.00
5219.00
5238.00
5257.00
5276.00
5295.00
5314.00
5333.00
5357.00
5376.00
5395.00
5414.00
5433.00
5452.00
5471.00
5490.00
5514.00
5533.00
5552.00
5571.00
5590.00
5609.00
5628.00
5647.00
5671.00
5690.00
5709.00
5728.00
5747.00
5766.00
5785.00
5804.00
5828.00
5847.00
5866.00
5885.00
5904.00
5923.00
5942.00
5961.00
5985.00
6004.00
6023.00
6042.00
6061.00
6080.00
6099.00
6118.00
6142.00
6161.00
6180.00
6199.00
6218.00
6237.00
6256.00
6275.00
6299.00
6318.00
6337.00
6356.00
6375.00
6394.00
6413.00
6432.00
6456.00
6475.00
6494.00
6513.00
6532.00
6551.00
6570.00
6589.00
6613.00
6632.00
6651.00
6670.00
6689.00
6708.00
6727.00
6746.00
6770.00
6789.00
6808.00
6827.00
6846.00
6865.00
6884.00
6903.00
6927.00
6946.00
6965.00
6984.00
7003.00
7022.00
7041.00
7060.00
7084.00
7103.00
7122.00
7141.00
7160.00
7179.00
7198.00
7217.00
7241.00
7260.00
7279.00
7298.00
7317.00
7336.00
7355.00
7374.00
7398.00
7417.00
7436.00
7455.00
7474.00
7493.00
7512.00
7531.00
7555.00
7574.00
7593.00
7612.00
7631.00
7650.00
7669.00
7688.00
7712.00
7731.00
7750.00
7769.00
7788.00
7807.00
7826.00
7845.00
7869.00
7888.00
7907.00
7926.00
7945.00
7964.00
7983.00
8002.00
8026.00
8045.00
8064.00
8083.00
8102.00
8121.00
8140.00
8159.00
8183.00
8202.00
8221.00
8240.00
8259.00
8278.00
8297.00
8316.00
8340.00
8359.00
8378.00
8397.00
8416.00
8435.00
8454.00
8473.00
8497.00
8516.00
8535.00
8554.00
8573.00
8592.00
8611.00
8630.00
8654.00
8673.00
8692.00
8711.00
8730.00
8749.00
8768.00
8787.00
8811.00
8830.00
8849.00
8868.00
8887.00
8906.00
8925.00
8944.00
8968.00
8987.00
9006.00
9025.00
9044.00
9063.00
9082.00
9101.00
9125.00
9144.00
9163.00
9182.00
9201.00
9220.00
9239.00
9258.00
9282.00
9301.00
9320.00
9339.00
9358.00
9377.00
9396.00
9415.00
9439.00
9458.00
9477.00
9496.00
9515.00
9534.00
9553.00
9572.00
9596.00
9615.00
9634.00
9653.00
9672.00
9691.00
9710.00
9729.00
9753.00
9772.00
9791.00
9810.00
9829.00
9848.00
9867.00
9886.00
9910.00
9929.00
9948.00
9967.00
9986.00
10005.00
10024.00
10043.00
10067.00
10086.00
10105.00
10124.00
10143.00
10162.00
10181.00
10200.00
10224.00
10243.00
10262.00
10281.00
10300.00
10319.00
10338.00
10357.00
10381.00
10400.00
10419.00
10438.00
10457.00
10476.00
10495.00
10514.00
10538.00
10557.00
10576.00
10595.00
10614.00
10633.00
10652.00
10671.00
10695.00
10714.00
10733.00
10752.00
10771.00
10790.00
10809.00
10828.00
10852.00
10871.00
10890.00
10909.00
10928.00
10947.00
10966.00
10985.00
11009.00
11028.00
11047.00
11066.00
11085.00
11104.00
11123.00
11142.00
11166.00
11185.00
11204.00
11223.00
11242.00
11261.00
11280.00
11299.00
11323.00
11342.00
11361.00
11380.00
11399.00
11418.00
11437.00
11456.00
11480.00
11499.00
11518.00
11537.00
11556.00
11575.00
11594.00
11613.00
11637.00
11656.00
11675.00
11694.00
11713.00
11732.00
11751.00
11770.00
11794.00
11813.00
11832.00
11851.00
11870.00
11889.00
11908.00
11927.00
11951.00
11970.00
11989.00
12008.00
12027.00
12046.00
12065.00
12084.00
12108.00
12127.00
12146.00
12165.00
12184.00
12203.00
12222.00
12241.00
12265.00
12284.00
12303.00
12322.00
12341.00
12360.00
12379.00
12398.00
12422.00
12441.00
12460.00
12479.00
12498.00
12517.00
12536.00
12555.00
12579.00
12598.00
12617.00
12636.00
12655.00
12674.00
12693.00
12712.00
12736.00
12755.00
12774.00
12793.00
12812.00
12831.00
12850.00
12869.00
12893.00
12912.00
12931.00
12950.00
12969.00
12988.00
13007.00
13026.00
13050.00
13069.00
13088.00
13107.00
13126.00
13145.00
13164.00
13183.00
13207.00
13226.00
13245.00
13264.00
13283.00
13302.00
13321.00
13340.00
13364.00
13383.00
13402.00
13421.00
13440.00
13459.00
13478.00
13497.00
13521.00
13540.00
13559.00
13578.00
13597.00
13616.00
13635.00
13654.00
13678.00
13697.00
13716.00
13735.00
13754.00
13773.00
13792.00
13811.00
13835.00
13854.00
13873.00
13892.00
13911.00
13930.00
13949.00
13968.00
13992.00
14011.00
14030.00
14049.00
14068.00
14087.00
14106.00
14125.00
14149.00
14168.00
14187.00
14206.00
14225.00
14244.00
14263.00
14282.00
14306.00
14325.00
14344.00
14363.00
14382.00
14401.00
14420.00
14439.00
14463.00
14482.00
14501.00
14520.00
14539.00
14558.00
14577.00
14596.00
14620.00
14639.00
14658.00
14677.00
14696.00
14715.00
14734.00
14753.00
14777.00
14796.00
14815.00
14834.00
14853.00
14872.00
14891.00
14910.00
14934.00
14953.00
14972.00
14991.00
15010.00
15029.00
15048.00
15067.00
15091.00
15110.00
15129.00
15148.00
15167.00
15186.00
15205.00
15224.00
15248.00
15267.00
15286.00
15305.00
15324.00
15343.00
15362.00
15381.00
15405.00
15424.00
15443.00
15462.00
15481.00
15500.00
15519.00
15538.00
15562.00
15581.00
15600.00
15619.00
15638.00
15657.00
15676.00
15695.00
15719.00
15738.00
15757.00
15776.00
15795.00
15814.00
15833.00
15852.00
15876.00
15895.00
15914.00
15933.00
15952.00
15971.00
15990.00
16009.00
16033.00
16052.00
16071.00
16090.00
16109.00
16128.00
16147.00
16166.00
16190.00
16209.00
16228.00
16247.00
16266.00
16285.00
16304.00
16323.00
16347.00
16366.00
16385.00
16404.00
16423.00
16442.00
16461.00
16480.00
16504.00
16523.00
16542.00
16561.00
16580.00
16599.00
16618.00
16637.00
16661.00
16680.00
16699.00
16718.00
16737.00
16756.00
16775.00
16794.00
16818.00
16837.00
16856.00
16875.00
16894.00
16913.00
16932.00
16951.00
16975.00
16994.00
17013.00
17032.00
17051.00
17070.00
17089.00
17108.00
17132.00
17151.00
17170.00
17189.00
17208.00
17227.00
17246.00
17265.00
17289.00
17308.00
17327.00
17346.00
17365.00
17384.00
17403.00
17422.00
17446.00
17465.00
17484.00
17503.00
17522.00
17541.00
17560.00
17579.00
17603.00
17622.00
17641.00
17660.00
17679.00
17698.00
17717.00
17736.00
17760.00
17779.00
17798.00
17817.00
17836.00
17855.00
17874.00
17893.00
17917.00
17936.00
17955.00
17974.00
17993.00
18012.00
18031.00
18050.00
18074.00
18093.00
18112.00
18131.00
18150.00
18169.00
18188.00
18207.00
18231.00
18250.00
18269.00
18288.00
18307.00
18326.00
18345.00
18364.00
18388.00
18407.00
18426.00
18445.00
18464.00
18483.00
18502.00
18521.00
18545.00
18564.00
18583.00
18602.00
18621.00
18640.00
18659.00
18678.00
18702.00
18721.00
18740.00
18759.00
18778.00
18797.00
18816.00
18835.00
18859.00
18878.00
18897.00
18916.00
18935.00
18954.00
18973.00
18992.00
19016.00
19035.00
19054.00
19073.00
19092.00
19111.00
19130.00
19149.00
19173.00
19192.00
19211.00
19230.00
19249.00
19268.00
19287.00
19306.00
19330.00
19349.00
19368.00
19387.00
19406.00
19425.00
19444.00
19463.00
19487.00
19506.00
19525.00
19544.00
19563.00
19582.00
19601.00
19620.00
19644.00
19663.00
19682.00
19701.00
19720.00
19739.00
19758.00
19777.00
19801.00
19820.00
19839.00
19858.00
19877.00
19896.00
19915.00
19934.00
19958.00
19977.00
19996.00
20015.00
20034.00
20053.00
20072.00
20091.00
20115.00
20134.00
20153.00
20172.00
20191.00
20210.00
20229.00
20248.00
20272.00
20291.00
20310.00
20329.00
20348.00
20367.00
20386.00
20405.00
20429.00
20448.00
20467.00
20486.00
20505.00
20524.00
20543.00
20562.00
20586.00
20605.00
20624.00
20643.00
20662.00
20681.00
20700.00
20719.00
20743.00
20762.00
20781.00
20800.00
20819.00
20838.00
20857.00
20876.00
20900.00
20919.00
20938.00
20957.00
20976.00
20995.00
21014.00
21033.00
21057.00
21076.00
21095.00
21114.00
21133.00
21152.00
21171.00
21190.00
21214.00
21233.00
21252.00
21271.00
21290.00
21309.00
21328.00
21347.00
21371.00
21390.00
21409.00
21428.00
21447.00
21466.00
21485.00
21504.00
21528.00
21547.00
21566.00
21585.00
21604.00
21623.00
21642.00
21661.00
21685.00
21704.00
21723.00
21742.00
21761.00
21780.00
21799.00
21818.00
21842.00
21861.00
21880.00
21899.00
21918.00
21937.00
21956.00
21975.00
21999.00
22018.00
22037.00
22056.00
22075.00
22094.00
22113.00
22132.00
22156.00
22175.00
22194.00
22213.00
22232.00
22251.00
22270.00
22289.00
22313.00
22332.00
22351.00
22370.00
22389.00
22408.00
22427.00
22446.00
22470.00
22489.00
22508.00
22527.00
22546.00
22565.00
22584.00
22603.00
22627.00
22646.00
22665.00
22684.00
22703.00
22722.00
22741.00
22760.00
22784.00
22803.00
22822.00
22841.00
22860.00
22879.00
22898.00
22917.00
22941.00
22960.00
22979.00
22998.00
23017.00
23036.00
23055.00
23074.00
23098.00
23117.00
23136.00
23155.00
23174.00
23193.00
23212.00
23231.00
23255.00
23274.00
23293.00
23312.00
23331.00
23350.00
23369.00
23388.00
23412.00
23431.00
23450.00
23469.00
23488.00
23507.00
23526.00
23545.00
23569.00
23588.00
23607.00
23626.00
23645.00
23664.00
23683.00
23702.00
23726.00
23745.00
23764.00
23783.00
23802.00
23821.00
23840.00
23859.00
23883.00
23902.00
23921.00
23940.00
23959.00
23978.00
23997.00
24016.00
24040.00
24059.00
24078.00
24097.00
24116.00
24135.00
24154.00
24173.00
24197.00
24216.00
24235.00
24254.00
24273.00
24292.00
24311.00
24330.00
24354.00
24373.00
24392.00
24411.00
24430.00
24449.00
24468.00
24487.00
24511.00
24530.00
24549.00
24568.00
24587.00
24606.00
24625.00
24644.00
24668.00
24687.00
24706.00
24725.00
24744.00
24763.00
24782.00
24801.00
24825.00
24844.00
24863.00
24882.00
24901.00
24920.00
24939.00
24958.00
24982.00
25001.00
25020.00
25039.00
25058.00
25077.00
25096.00
25115.00
25139.00
25158.00
25177.00
25196.00
25215.00
25234.00
25253.00
25272.00
25296.00
25315.00
25334.00
25353.00
25372.00
25391.00
25410.00
25429.00
25453.00
25472.00
25491.00
25510.00
25529.00
25548.00
25567.00
25586.00
25610.00
25629.00
25648.00
25667.00
25686.00
25705.00
25724.00
25743.00
25767.00
25786.00
25805.00
25824.00
25843.00
25862.00
25881.00
25900.00
25924.00
25943.00
25962.00
25981.00
26000.00
26019.00
26038.00
26057.00
26081.00
26100.00
26119.00
26138.00
26157.00
26176.00
26195.00
26214.00
26238.00
26257.00
26276.00
26295.00
26314.00
26333.00
26352.00
26371.00
26395.00
26414.00
26433.00
26452.00
26471.00
26490.00
26509.00
26528.00
26552.00
26571.00
26590.00
26609.00
26628.00
26647.00
26666.00
26685.00
26709.00
26728.00
26747.00
26766.00
26785.00
26804.00
26823.00
26842.00
26866.00
26885.00
26904.00
26923.00
26942.00
26961.00
26980.00
26999.00
27023.00
27042.00
27061.00
27080.00
27099.00
27118.00
27137.00
27156.00
27180.00
27199.00
27218.00
27237.00
27256.00
27275.00
27294.00
27313.00
27337.00
27356.00
27375.00
27394.00
27413.00
27432.00
27451.00
27470.00
27494.00
27513.00
27532.00
27551.00
27570.00
27589.00
27608.00
27627.00
27651.00
27670.00
27689.00
27708.00
27727.00
27746.00
27765.00
27784.00
27808.00
27827.00
27846.00
27865.00
27884.00
27903.00
27922.00
27941.00
27965.00
27984.00
28003.00
28022.00
28041.00
28060.00
28079.00
28098.00
28122.00
28141.00
28160.00
28179.00
28198.00
28217.00
28236.00
28255.00
28279.00
28298.00
28317.00
28336.00
28355.00
28374.00
28393.00
28412.00
28436.00
28455.00
28474.00
28493.00
28512.00
28531.00
28550.00
28569.00
28593.00
28612.00
28631.00
28650.00
28669.00
28688.00
28707.00
28726.00
28750.00
28769.00
28788.00
28807.00
28826.00
28845.00
28864.00
28883.00
28907.00
28926.00
28945.00
28964.00
28983.00
29002.00
29021.00
29040.00
29064.00
29083.00
29102.00
29121.00
29140.00
29159.00
29178.00
29197.00
29221.00
29240.00
29259.00
29278.00
29297.00
29316.00
29335.00
29354.00
29378.00
29397.00
29416.00
29435.00
29454.00
29473.00
29492.00
29511.00
29535.00
29554.00
29573.00
29592.00
29611.00
29630.00
29649.00
29668.00
29692.00
29711.00
29730.00
29749.00
29768.00
29787.00
29806.00
29825.00
29849.00
29868.00
29887.00
29906.00
29925.00
29944.00
29963.00
29982.00
30006.00
30025.00
30044.00
30063.00
30082.00
30101.00
30120.00
30139.00
30163.00
30182.00
30201.00
30220.00
30239.00
30258.00
30277.00
30296.00
30320.00
30339.00
30358.00
30377.00
30396.00
30415.00
30434.00
30453.00
30477.00
30496.00
30515.00
30534.00
30553.00
30572.00
30591.00
30610.00
30634.00
30653.00
30672.00
30691.00
30710.00
30729.00
30748.00
30767.00
30791.00
30810.00
30829.00
30848.00
30867.00
30886.00
30905.00
30924.00
30948.00
30967.00
30986.00
31005.00
31024.00
31043.00
31062.00
31081.00
31105.00
31124.00
31143.00
31162.00
31181.00
31200.00
31219.00
31238.00
31262.00
31281.00
31300.00
31319.00
31338.00
31357.00
31376.00
31395.00
