19.00
38.00
57.00
76.00
95.00
124.00
143.00
162.00
181.00
200.00
229.00
248.00
267.00
286.00
305.00
334.00
353.00
372.00
391.00
410.00
439.00
458.00
477.00
496.00
515.00
544.00
563.00
582.00
601.00
620.00
649.00
668.00
687.00
706.00
725.00
754.00
773.00
792.00
811.00
830.00
859.00
878.00
897.00
916.00
935.00
964.00
983.00
1002.00
1021.00
1040.00
1069.00
1088.00
1107.00
1126.00
1145.00
1174.00
1193.00
1212.00
1231.00
1250.00
1279.00
1298.00
1317.00
1336.00
1355.00
1384.00
1403.00
1422.00
1441.00
1460.00
1489.00
1508.00
1527.00
1546.00
1565.00
1594.00
1613.00
1632.00
1651.00
1670.00
1699.00
1718.00
1737.00
1756.00
1775.00
1804.00
1823.00
1842.00
1861.00
1880.00
1909.00
1928.00
1947.00
1966.00
1985.00
2014.00
2033.00
2052.00
2071.00
2090.00
2119.00
2138.00
2157.00
2176.00
2195.00
2224.00
2243.00
2262.00
2281.00
2300.00
2329.00
2348.00
2367.00
2386.00
2405.00
2434.00
2453.00
2472.00
2491.00
2510.00
2539.00
2558.00
2577.00
2596.00
2615.00
2644.00
2663.00
2682.00
2701.00
2720.00
2749.00
2768.00
2787.00
2806.00
2825.00
2854.00
2873.00
2892.00
2911.00
2930.00
2959.00
2978.00
2997.00
3016.00
3035.00
3064.00
3083.00
3102.00
3121.00
3140.00
3169.00
3188.00
3207.00
3226.00
3245.00
3274.00
3293.00
3312.00
3331.00
3350.00
3379.00
3398.00
3417.00
3436.00
3455.00
3484.00
3503.00
3522.00
3541.00
3560.00
3589.00
3608.00
3627.00
3646.00
3665.00
3694.00
3713.00
3732.00
3751.00
3770.00
3799.00
3818.00
3837.00
3856.00
3875.00
3904.00
3923.00
3942.00
3961.00
3980.00
4009.00
4028.00
4047.00
4066.00
4085.00
4114.00
4133.00
4152.00
4171.00
4190.00
4219.00
4238.00
4257.00
4276.00
4295.00
4324.00
4343.00
4362.00
4381.00
4400.00
4429.00
4448.00
4467.00
4486.00
4505.00
4534.00
4553.00
4572.00
4591.00
4610.00
4639.00
4658.00
4677.00
4696.00
4715.00
4744.00
4763.00
4782.00
4801.00
4820.00
4849.00
4868.00
4887.00
4906.00
4925.00
4954.00
4973.00
4992.00
5011.00
5030.00
5059.00
5078.00
5097.00
5116.00
5135.00
5164.00
5183.00
5202.00
5221.00
5240.00
5269.00
5288.00
5307.00
5326.00
5345.00
5374.00
5393.00
5412.00
5431.00
5450.00
5479.00
5498.00
5517.00
5536.00
5555.00
5584.00
5603.00
5622.00
5641.00
5660.00
5689.00
5708.00
5727.00
5746.00
5765.00
5794.00
5813.00
5832.00
5851.00
5870.00
5899.00
5918.00
5937.00
5956.00
5975.00
6004.00
6023.00
6042.00
6061.00
6080.00
6109.00
6128.00
6147.00
6166.00
6185.00
6214.00
6233.00
6252.00
6271.00
6290.00
6319.00
6338.00
6357.00
6376.00
6395.00
6424.00
6443.00
6462.00
6481.00
6500.00
6529.00
6548.00
6567.00
6586.00
6605.00
6634.00
6653.00
6672.00
6691.00
6710.00
6739.00
6758.00
6777.00
6796.00
6815.00
6844.00
6863.00
6882.00
6901.00
6920.00
6949.00
6968.00
6987.00
7006.00
7025.00
7054.00
7073.00
7092.00
7111.00
7130.00
7159.00
7178.00
7197.00
7216.00
7235.00
7264.00
7283.00
7302.00
7321.00
7340.00
7369.00
7388.00
7407.00
7426.00
7445.00
7474.00
7493.00
7512.00
7531.00
7550.00
7579.00
7598.00
7617.00
7636.00
7655.00
7684.00
7703.00
7722.00
7741.00
7760.00
7789.00
7808.00
7827.00
7846.00
7865.00
7894.00
7913.00
7932.00
7951.00
7970.00
7999.00
8018.00
8037.00
8056.00
8075.00
8104.00
8123.00
8142.00
8161.00
8180.00
8209.00
8228.00
8247.00
8266.00
8285.00
8314.00
8333.00
8352.00
8371.00
8390.00
8419.00
8438.00
8457.00
8476.00
8495.00
8524.00
8543.00
8562.00
8581.00
8600.00
8629.00
8648.00
8667.00
8686.00
8705.00
8734.00
8753.00
8772.00
8791.00
8810.00
8839.00
8858.00
8877.00
8896.00
8915.00
8944.00
8963.00
8982.00
9001.00
9020.00
9049.00
9068.00
9087.00
9106.00
9125.00
9154.00
9173.00
9192.00
9211.00
9230.00
9259.00
9278.00
9297.00
9316.00
9335.00
9364.00
9383.00
9402.00
9421.00
9440.00
9469.00
9488.00
9507.00
9526.00
9545.00
9574.00
9593.00
9612.00
9631.00
9650.00
9679.00
9698.00
9717.00
9736.00
9755.00
9784.00
9803.00
9822.00
9841.00
9860.00
9889.00
9908.00
9927.00
9946.00
9965.00
9994.00
10013.00
10032.00
10051.00
10070.00
10099.00
10118.00
10137.00
10156.00
10175.00
10204.00
10223.00
10242.00
10261.00
10280.00
10309.00
10328.00
10347.00
10366.00
10385.00
10414.00
10433.00
10452.00
10471.00
10490.00
10519.00
10538.00
10557.00
10576.00
10595.00
10624.00
10643.00
10662.00
10681.00
10700.00
10729.00
10748.00
10767.00
10786.00
10805.00
10834.00
10853.00
10872.00
10891.00
10910.00
10939.00
10958.00
10977.00
10996.00
11015.00
11044.00
11063.00
11082.00
11101.00
11120.00
11149.00
11168.00
11187.00
11206.00
11225.00
11254.00
11273.00
11292.00
11311.00
11330.00
11359.00
11378.00
11397.00
11416.00
11435.00
11464.00
11483.00
11502.00
11521.00
11540.00
11569.00
11588.00
11607.00
11626.00
11645.00
11674.00
11693.00
11712.00
11731.00
11750.00
11779.00
11798.00
11817.00
11836.00
11855.00
11884.00
11903.00
11922.00
11941.00
11960.00
11989.00
12008.00
12027.00
12046.00
12065.00
12094.00
12113.00
12132.00
12151.00
12170.00
12199.00
12218.00
12237.00
12256.00
12275.00
12304.00
12323.00
12342.00
12361.00
12380.00
12409.00
12428.00
12447.00
12466.00
12485.00
12514.00
12533.00
12552.00
12571.00
12590.00
12619.00
12638.00
12657.00
12676.00
12695.00
12724.00
12743.00
12762.00
12781.00
12800.00
12829.00
12848.00
12867.00
12886.00
12905.00
12934.00
12953.00
12972.00
12991.00
13010.00
13039.00
13058.00
13077.00
13096.00
13115.00
13144.00
13163.00
13182.00
13201.00
13220.00
13249.00
13268.00
13287.00
13306.00
13325.00
13354.00
13373.00
13392.00
13411.00
13430.00
13459.00
13478.00
13497.00
13516.00
13535.00
13564.00
13583.00
13602.00
13621.00
13640.00
13669.00
13688.00
13707.00
13726.00
13745.00
13774.00
13793.00
13812.00
13831.00
13850.00
13879.00
13898.00
13917.00
13936.00
13955.00
13984.00
14003.00
14022.00
14041.00
14060.00
14089.00
14108.00
14127.00
14146.00
14165.00
14194.00
14213.00
14232.00
14251.00
14270.00
14299.00
14318.00
14337.00
14356.00
14375.00
14404.00
14423.00
14442.00
14461.00
14480.00
14509.00
14528.00
14547.00
14566.00
14585.00
14614.00
14633.00
14652.00
14671.00
14690.00
14719.00
14738.00
14757.00
14776.00
14795.00
14824.00
14843.00
14862.00
14881.00
14900.00
14929.00
14948.00
14967.00
14986.00
15005.00
15034.00
15053.00
15072.00
15091.00
15110.00
15139.00
15158.00
15177.00
15196.00
15215.00
15244.00
15263.00
15282.00
15301.00
15320.00
15349.00
15368.00
15387.00
15406.00
15425.00
15454.00
15473.00
15492.00
15511.00
15530.00
15559.00
15578.00
15597.00
15616.00
15635.00
15664.00
15683.00
15702.00
15721.00
15740.00
15769.00
15788.00
15807.00
15826.00
15845.00
15874.00
15893.00
15912.00
15931.00
15950.00
15979.00
15998.00
16017.00
16036.00
16055.00
16084.00
16103.00
16122.00
16141.00
16160.00
16189.00
16208.00
16227.00
16246.00
16265.00
16294.00
16313.00
16332.00
16351.00
16370.00
16399.00
16418.00
16437.00
16456.00
16475.00
16504.00
16523.00
16542.00
16561.00
16580.00
16609.00
16628.00
16647.00
16666.00
16685.00
16714.00
16733.00
16752.00
16771.00
16790.00
16819.00
16838.00
16857.00
16876.00
16895.00
16924.00
16943.00
16962.00
16981.00
17000.00
17029.00
17048.00
17067.00
17086.00
17105.00
17134.00
17153.00
17172.00
17191.00
17210.00
17239.00
17258.00
17277.00
17296.00
17315.00
17344.00
17363.00
17382.00
17401.00
17420.00
17449.00
17468.00
17487.00
17506.00
17525.00
17554.00
17573.00
17592.00
17611.00
17630.00
17659.00
17678.00
17697.00
17716.00
17735.00
17764.00
17783.00
17802.00
17821.00
17840.00
17869.00
17888.00
17907.00
17926.00
17945.00
17974.00
17993.00
18012.00
18031.00
18050.00
18079.00
18098.00
18117.00
18136.00
18155.00
18184.00
18203.00
18222.00
18241.00
18260.00
18289.00
18308.00
18327.00
18346.00
18365.00
18394.00
18413.00
18432.00
18451.00
18470.00
18499.00
18518.00
18537.00
18556.00
18575.00
18604.00
18623.00
18642.00
18661.00
18680.00
18709.00
18728.00
18747.00
18766.00
18785.00
18814.00
18833.00
18852.00
18871.00
18890.00
18919.00
18938.00
18957.00
18976.00
18995.00
19024.00
19043.00
19062.00
19081.00
19100.00
19129.00
19148.00
19167.00
19186.00
19205.00
19234.00
19253.00
19272.00
19291.00
19310.00
19339.00
19358.00
19377.00
19396.00
19415.00
19444.00
19463.00
19482.00
19501.00
19520.00
19549.00
19568.00
19587.00
19606.00
19625.00
19654.00
19673.00
19692.00
19711.00
19730.00
19759.00
19778.00
19797.00
19816.00
19835.00
19864.00
19883.00
19902.00
19921.00
19940.00
19969.00
19988.00
20007.00
20026.00
20045.00
20074.00
20093.00
20112.00
20131.00
20150.00
20179.00
20198.00
20217.00
20236.00
20255.00
20284.00
20303.00
20322.00
20341.00
20360.00
20389.00
20408.00
20427.00
20446.00
20465.00
20494.00
20513.00
20532.00
20551.00
20570.00
20599.00
20618.00
20637.00
20656.00
20675.00
20704.00
20723.00
20742.00
20761.00
20780.00
20809.00
20828.00
20847.00
20866.00
20885.00
20914.00
20933.00
20952.00
20971.00
20990.00
