1.02
1.78
1.48
1.88
0.78
0.54
0.73
1.24
0.26
0.63
0.54
0.52
1.25
0.21
0.99
0.76
0.76
0.84
0.81
0.62
1.19
0.14
1.02
0.77
0.73
0.16
0.35
0.71
0.44
0.41
0.48
0.12
0.04
0.55
0.74
0.32
0.31
0.37
0.15
0.11
0.66
0.31
0.38
0.04
0.16
0.41
0.09
0.17
0.27
0.40
0.02
0.29
0.06
0.21
0.47
0.23
0.22
0.49
0.09
0.42
0.04
0.12
0.10
0.23
0.29
0.68
0.01
0.01
0.07
0.02
0.06
0.37
0.45
0.65
0.73
0.63
0.34
0.04
1.02
0.17
0.12
1.28
0.02
0.11
0.26
0.51
0.08
0.04
0.41
0.01
0.02
0.01
0.03
0.01
0.29
0.58
0.02
0.02
0.01
0.42
0.15
0.06
0.00
0.51
0.04
0.37
0.02
0.07
0.05
0.21
0.01
0.02
0.00
0.01
0.00
0.00
0.01
0.03
0.01
0.01
0.00
0.03
0.09
0.06
0.09
0.02
0.00
0.44
0.07
0.00
0.01
0.00
0.00
0.01
0.02
0.30
0.00
0.01
0.10
0.01
0.00
0.00
0.00
0.04
0.00
0.00
0.00
0.00
0.03
0.02
0.02
0.20
0.01
0.01
0.03
0.22
0.00
0.30
0.15
0.00
0.02
0.01
0.17
0.00
0.00
0.00
0.00
0.01
0.05
0.00
0.01
0.00
0.08
0.11
0.00
0.00
0.07
0.00
0.03
0.00
0.00
0.01
0.00
0.00
0.00
0.05
0.00
0.06
0.00
0.03
0.00
0.00
0.05
0.11
0.05
0.00
0.00
0.00
0.00
0.00
