1.40
1.39
1.17
1.06
1.06
0.95
0.83
0.89
0.80
1.03
0.91
0.78
0.95
0.70
0.94
0.81
0.72
0.88
0.69
0.86
0.58
0.71
0.85
0.74
0.65
0.58
0.68
0.57
0.62
0.72
0.65
0.80
0.51
0.60
0.46
0.47
0.60
0.39
0.53
0.62
0.53
0.75
0.62
0.61
0.61
0.66
0.40
0.47
0.52
0.73
0.49
0.32
0.61
0.47
0.64
0.59
0.48
0.43
0.62
0.58
0.42
0.43
0.49
0.53
0.81
0.47
0.57
0.59
0.53
0.51
0.37
0.30
0.48
0.43
0.49
0.49
0.48
0.47
0.34
0.54
0.49
0.39
0.40
0.49
0.55
0.40
0.42
0.38
0.54
0.35
0.62
0.27
0.24
0.37
0.53
0.47
0.32
0.42
0.48
0.38
0.41
0.45
0.46
0.49
0.42
0.32
0.44
0.23
0.30
0.24
0.28
0.38
0.38
0.32
0.36
0.37
0.20
0.24
0.43
0.33
0.41
0.19
0.35
0.34
0.29
0.39
0.24
0.30
0.19
0.29
0.20
0.31
0.38
0.39
0.39
0.24
0.19
0.26
0.29
0.25
0.44
0.30
0.19
0.30
0.28
0.27
0.22
0.32
0.25
0.25
0.29
0.33
0.14
0.24
0.40
0.27
0.36
0.24
0.14
0.21
0.18
0.19
0.20
0.23
0.14
0.23
0.18
0.25
0.10
0.29
0.29
0.25
0.11
0.20
0.31
0.33
0.22
0.28
0.22
0.19
0.23
0.12
0.24
0.21
0.24
0.15
0.14
0.33
0.22
0.17
0.27
0.13
0.32
0.19
0.27
0.24
0.13
0.12
0.19
0.18
0.18
0.12
0.10
0.21
0.23
0.22
0.21
0.26
0.16
0.19
0.13
0.17
0.17
0.20
0.18
0.21
0.15
0.25
0.17
0.21
0.13
0.17
0.13
0.13
0.23
0.12
0.15
0.22
0.14
0.18
0.25
0.12
0.18
0.21
0.18
0.10
0.11
0.23
0.07
0.19
0.31
0.10
0.09
0.06
0.07
0.27
0.18
0.14
0.11
0.25
0.23
0.17
0.15
0.23
0.09
0.08
0.14
0.08
0.09
0.19
0.20
0.15
0.20
0.11
0.20
0.13
0.12
0.09
0.22
0.10
0.12
0.15
0.21
0.15
0.23
0.11
0.25
0.18
0.22
0.08
0.04
0.08
0.04
0.15
0.13
0.07
0.20
0.05
0.15
0.07
0.08
0.18
0.14
0.10
0.09
0.13
0.12
0.12
0.16
0.09
0.04
0.08
0.10
0.19
0.17
0.25
0.16
0.09
0.13
0.08
0.19
0.07
0.07
0.14
0.09
0.20
0.13
0.15
0.11
0.16
0.04
0.08
0.09
0.07
0.18
0.03
0.06
0.08
0.08
0.08
0.16
0.13
0.08
0.12
0.17
0.22
0.10
0.06
0.07
0.05
0.08
0.14
0.05
0.04
0.11
0.13
0.04
0.07
0.07
0.04
0.11
0.05
0.19
0.07
0.05
0.07
0.03
0.20
0.05
0.08
0.11
0.09
0.08
0.08
0.11
0.16
0.07
0.10
0.11
0.10
0.06
0.07
0.09
0.04
0.05
0.16
0.21
0.12
0.11
0.11
0.20
0.13
0.16
0.14
0.14
0.16
0.08
0.15
0.11
0.07
0.04
0.06
0.04
0.04
0.05
0.07
0.16
0.05
0.03
0.18
0.17
0.17
0.05
0.05
0.03
0.12
0.06
0.04
0.05
0.16
0.13
0.22
0.03
0.04
0.10
0.04
0.06
0.09
0.02
0.05
0.07
0.07
0.05
0.02
0.07
0.03
0.08
0.09
0.08
0.05
0.11
0.05
0.15
0.07
0.04
0.01
0.08
0.06
0.08
0.11
0.12
0.08
0.06
0.07
0.04
0.07
0.02
0.05
0.05
0.03
0.02
0.05
0.01
0.06
0.04
0.06
0.02
0.03
0.05
0.05
0.03
0.04
0.06
0.04
0.05
0.04
0.03
0.02
0.06
0.04
0.04
0.04
0.02
0.01
0.02
0.21
0.09
0.02
0.04
0.04
0.10
0.07
0.05
0.15
0.05
0.12
0.04
0.03
0.05
0.01
0.04
0.02
0.04
0.03
0.08
0.07
0.01
0.04
0.01
0.01
0.07
0.09
0.04
0.03
0.01
0.02
0.04
0.00
0.05
0.06
0.01
0.02
0.07
0.01
0.01
0.05
0.00
0.04
0.01
0.07
0.10
0.03
0.03
0.03
0.08
0.01
0.04
0.06
0.04
0.05
0.01
0.01
0.01
0.09
0.03
0.01
0.08
0.02
0.01
0.00
0.06
0.05
0.02
0.08
0.02
0.08
0.07
0.04
0.00
0.08
0.02
0.02
0.04
0.02
0.02
0.00
0.01
0.02
0.01
0.01
0.01
0.01
0.02
0.00
0.01
0.00
0.03
0.03
0.01
0.05
0.02
0.01
0.01
0.00
0.00
0.01
0.00
0.01
0.01
0.00
0.01
0.01
0.00
0.01
0.00
0.01
0.00
0.00
0.01
0.01
0.01
0.02
0.03
0.04
0.01
0.01
0.00
0.01
0.00
0.00
0.01
0.00
0.00
0.00
0.00
0.01
0.00
0.01
0.01
0.00
0.00
0.00
0.02
0.02
0.00
0.08
0.00
0.05
0.00
0.07
0.01
0.00
0.01
0.01
0.00
0.02
0.02
0.00
0.01
0.01
0.02
0.01
0.00
0.01
0.00
0.02
0.00
0.00
0.00
0.00
0.05
0.00
0.01
0.02
0.01
0.00
0.01
0.10
0.01
0.03
0.01
0.00
0.00
0.01
0.01
0.01
0.01
0.05
0.06
0.01
0.00
0.01
0.01
0.01
0.01
0.00
0.00
0.00
0.00
0.01
0.00
0.00
0.01
0.00
0.00
0.00
0.03
0.01
0.00
0.00
0.00
0.01
0.00
0.00
0.00
0.01
0.00
0.00
0.01
0.00
0.00
0.00
0.00
0.04
0.00
0.00
0.00
0.03
0.00
0.01
0.01
0.00
0.00
0.00
0.00
0.00
0.00
0.00
0.00
0.00
0.01
0.00
0.00
0.00
0.01
0.00
0.00
0.00
0.00
0.01
0.00
0.00
0.00
0.00
0.00
0.00
0.00
0.00
0.00
0.01
0.00
0.00
0.00
0.00
0.00
0.01
0.00
0.01
0.00
0.01
0.00
0.01
0.00
0.00
0.00
0.00
0.02
0.00
0.00
0.02
0.00
0.01
0.00
0.00
0.00
0.00
0.01
0.00
0.00
0.00
0.01
0.00
0.00
0.00
0.00
0.00
0.00
0.00
0.00
0.00
0.00
0.00
0.00
0.02
0.00
0.00
0.00
0.00
0.00
0.00
0.00
0.00
0.01
0.00
0.00
0.00
0.00
0.00
0.00
0.00
0.01
0.00
0.00
0.01
0.00
0.01
0.01
0.00
0.00
0.00
0.01
0.01
0.00
0.00
0.01
0.00
0.00
0.00
0.02
0.00
0.00
0.00
0.00
0.00
0.01
0.01
0.01
0.00
0.00
0.00
0.00
0.00
0.00
0.00
0.01
0.02
0.00
0.00
0.00
0.00
0.00
0.01
0.00
0.00
0.00
0.00
0.00
0.00
0.00
0.00
0.01
0.00
0.00
0.00
0.00
0.00
0.00
0.00
0.00
0.00
0.00
0.00
0.00
0.00
0.00
0.00
0.00
0.00
0.00
0.00
0.00
0.00
0.00
0.00
0.00
0.00
0.00
0.00
0.00
0.00
0.01
0.00
0.00
0.00
0.00
0.00
0.00
0.00
0.00
0.00
0.00
0.01
0.00
0.00
0.00
0.00
0.00
0.00
0.00
0.00
0.00
0.00
0.00
0.00
0.00
0.00
0.00
0.00
0.00
0.00
0.00
0.00
0.00
0.00
0.00
0.00
0.00
0.00
0.01
0.00
0.00
0.00
0.00
0.01
0.00
0.00
0.00
0.00
0.00
0.00
0.00
0.00
0.00
0.00
0.00
0.00
0.00
0.00
0.00
0.01
0.00
0.00
0.01
0.00
0.00
0.00
0.01
0.01
0.00
0.00
0.00
0.00
0.00
0.01
0.00
0.00
0.00
0.00
0.00
0.00
0.00
0.00
0.00
0.00
0.01
0.00
0.00
0.00
0.00
0.00
0.00
0.01
0.00
0.00
0.00
0.00
0.03
0.00
0.00
0.00
0.00
0.00
0.00
0.00
0.00
0.00
0.01
0.00
0.00
0.00
0.00
0.00
0.00
0.00
0.00
0.00
0.00
0.00
0.01
0.00
0.00
0.00
0.00
0.00
0.00
0.00
0.00
0.00
0.00
0.00
