1.22
0.91
0.67
0.70
0.47
0.52
0.60
0.60
0.75
0.60
0.57
0.46
0.54
0.41
0.43
0.31
0.49
0.43
0.65
0.54
0.48
0.30
0.52
0.64
0.41
0.29
0.32
0.41
0.74
0.39
0.34
0.43
0.29
0.37
0.32
0.51
0.56
0.38
0.31
0.35
0.51
0.29
0.42
0.30
0.33
0.60
0.46
0.35
0.43
0.47
0.58
0.33
0.30
0.60
0.45
0.40
0.51
0.43
0.41
0.39
0.26
0.38
0.34
0.41
0.34
0.45
0.44
0.22
0.37
0.32
0.32
0.32
0.28
0.34
0.24
0.26
0.42
0.26
0.35
0.30
0.47
0.19
0.25
0.37
0.36
0.27
0.22
0.39
0.45
0.29
0.43
0.38
0.27
0.39
0.28
0.34
0.37
0.26
0.33
0.23
0.30
0.25
0.21
0.37
0.23
0.21
0.19
0.29
0.21
0.38
0.64
0.30
0.41
0.21
0.24
0.29
0.29
0.28
0.34
0.39
0.22
0.15
0.27
0.33
0.28
0.32
0.25
0.30
0.21
0.17
0.22
0.28
0.15
0.31
0.23
0.33
0.35
0.38
0.40
0.37
0.20
0.28
0.34
0.30
0.29
0.23
0.20
0.31
0.31
0.20
0.25
0.28
0.36
0.22
0.22
0.40
0.32
0.42
0.23
0.25
0.19
0.19
0.22
0.28
0.26
0.29
0.23
0.23
0.32
0.35
0.20
0.53
0.21
0.25
0.33
0.28
0.22
0.33
0.31
0.35
0.36
0.25
0.28
0.12
0.35
0.30
0.35
0.37
0.21
0.13
0.35
0.25
0.28
0.21
0.27
0.32
0.16
0.27
0.17
0.28
0.28
0.30
0.23
0.26
0.18
0.23
0.28
0.28
0.22
0.24
0.16
0.26
0.11
0.34
0.19
0.15
0.23
0.17
0.28
0.20
0.32
0.19
0.31
0.16
0.18
0.20
0.21
0.25
0.30
0.14
0.15
0.26
0.22
0.34
0.34
0.29
0.21
0.27
0.17
0.31
0.37
0.27
0.39
0.22
0.41
0.27
0.23
0.23
0.19
0.40
0.28
0.28
0.24
0.22
0.18
0.20
0.16
0.31
0.36
0.26
0.19
0.20
0.15
0.19
0.15
0.32
0.15
0.14
0.27
0.21
0.13
0.16
0.36
0.20
0.23
0.16
0.24
0.33
0.21
0.24
0.27
0.20
0.28
0.16
0.18
0.19
0.37
0.26
0.20
0.10
0.15
0.23
0.15
0.22
0.14
0.26
0.25
0.16
0.21
0.15
0.21
0.18
0.19
0.17
0.10
0.18
0.17
0.25
0.30
0.23
0.23
0.15
0.08
0.16
0.06
0.27
0.17
0.18
0.33
0.42
0.13
0.17
0.16
0.09
0.22
0.13
0.20
0.21
0.27
0.17
0.20
0.17
0.20
0.21
0.26
0.29
0.06
0.20
0.15
0.15
0.14
0.15
0.25
0.20
0.22
0.07
0.21
0.22
0.24
0.24
0.23
0.16
0.13
0.16
0.32
0.19
0.26
0.16
0.12
0.20
0.18
0.21
0.14
0.19
0.23
0.08
0.19
0.13
0.20
0.25
0.08
0.20
0.09
0.19
0.21
0.17
0.20
0.15
0.18
0.25
0.27
0.33
0.26
0.13
0.14
0.15
0.09
0.19
0.25
0.17
0.17
0.21
0.16
0.12
0.15
0.30
0.26
0.16
0.15
0.14
0.14
0.11
0.12
0.14
0.21
0.24
0.14
0.16
0.27
0.13
0.13
0.17
0.34
0.18
0.34
0.21
0.24
0.14
0.15
0.13
0.32
0.13
0.24
0.15
0.16
0.36
0.17
0.23
0.16
0.21
0.13
0.17
0.19
0.18
0.14
0.14
0.15
0.20
0.09
0.31
0.09
0.08
0.14
0.23
0.12
0.11
0.12
0.17
0.17
0.19
0.12
0.14
0.45
0.07
0.14
0.11
0.16
0.30
0.19
0.23
0.14
0.17
0.14
0.09
0.04
0.10
0.12
0.22
0.24
0.18
0.12
0.35
0.17
0.09
0.17
0.16
0.06
0.14
0.19
0.15
0.15
0.10
0.16
0.05
0.06
0.16
0.06
0.13
0.07
0.25
0.14
0.19
0.17
0.09
0.14
0.13
0.16
0.12
0.19
0.17
0.24
0.17
0.11
0.10
0.11
0.07
0.05
0.16
0.12
0.13
0.08
0.07
0.22
0.12
0.23
0.17
0.08
0.12
0.08
0.10
0.24
0.09
0.19
0.17
0.15
0.09
0.13
0.13
0.16
0.09
0.07
0.16
0.17
0.05
0.13
0.10
0.16
0.16
0.17
0.15
0.24
0.10
0.20
0.16
0.09
0.08
0.19
0.19
0.21
0.09
0.18
0.08
0.19
0.12
0.13
0.11
0.14
0.16
0.09
0.18
0.06
0.11
0.15
0.15
0.15
0.18
0.19
0.12
0.25
0.14
0.08
0.05
0.13
0.07
0.12
0.21
0.08
0.11
0.19
0.10
0.23
0.14
0.11
0.20
0.08
0.07
0.09
0.12
0.10
0.06
0.08
0.08
0.14
0.15
0.16
0.18
0.12
0.11
0.24
0.15
0.16
0.07
0.10
0.09
0.15
0.18
0.08
0.10
0.13
0.15
0.14
0.12
0.07
0.10
0.13
0.11
0.16
0.12
0.21
0.15
0.14
0.09
0.12
0.12
0.21
0.18
0.20
0.15
0.14
0.12
0.21
0.20
0.12
0.18
0.13
0.11
0.13
0.08
0.09
0.13
0.10
0.12
0.13
0.06
0.26
0.03
0.15
0.04
0.26
0.24
0.07
0.17
0.14
0.17
0.11
0.12
0.09
0.08
0.13
0.11
0.08
0.07
0.13
0.08
0.08
0.09
0.09
0.15
0.08
0.13
0.09
0.16
0.07
0.07
0.09
0.10
0.23
0.13
0.12
0.17
0.12
0.18
0.06
0.06
0.02
0.03
0.25
0.17
0.10
0.13
0.12
0.16
0.07
0.11
0.19
0.05
0.10
0.04
0.16
0.08
0.13
0.07
0.09
0.05
0.16
0.06
0.02
0.05
0.09
0.21
0.04
0.08
0.17
0.11
0.04
0.02
0.18
0.11
0.19
0.08
0.05
0.06
0.12
0.07
0.07
0.10
0.07
0.05
0.14
0.09
0.08
0.08
0.02
0.13
0.11
0.18
0.17
0.12
0.13
0.06
0.12
0.11
0.12
0.07
0.12
0.14
0.10
0.16
0.09
0.08
0.07
0.14
0.22
0.10
0.05
0.12
0.15
0.17
0.09
0.05
0.08
0.11
0.04
0.06
0.17
0.04
0.05
0.11
0.05
0.32
0.05
0.07
0.10
0.05
0.06
0.05
0.05
0.10
0.10
0.11
0.11
0.04
0.16
0.07
0.02
0.12
0.17
0.07
0.12
0.07
0.02
0.09
0.08
0.03
0.11
0.08
0.05
0.08
0.14
0.09
0.06
0.09
0.04
0.03
0.10
0.19
0.22
0.07
0.14
0.10
0.10
0.12
0.11
0.09
0.10
0.10
0.20
0.03
0.10
0.09
0.17
0.13
0.08
0.24
0.14
0.06
0.08
0.14
0.05
0.06
0.04
0.14
0.07
0.03
0.06
0.02
0.10
0.11
0.06
0.13
0.07
0.05
0.07
0.25
0.08
0.10
0.05
0.11
0.06
0.02
0.10
0.13
0.13
0.15
0.10
0.04
0.08
0.05
0.08
0.08
0.07
0.11
0.03
0.04
0.11
0.10
0.05
0.22
0.02
0.08
0.10
0.03
0.03
0.09
0.05
0.06
0.09
0.14
0.06
0.07
0.07
0.14
0.07
0.10
0.11
0.05
0.02
0.04
0.25
0.13
0.07
0.11
0.04
0.10
0.05
0.15
0.07
0.05
0.05
0.07
0.07
0.07
0.04
0.04
0.06
0.08
0.02
0.03
0.10
0.04
0.15
0.07
0.03
0.05
0.06
0.04
0.11
0.04
0.08
0.13
0.11
0.10
0.09
0.05
0.07
0.05
0.03
0.05
0.06
0.10
0.24
0.05
0.14
0.08
0.02
0.19
0.15
0.03
0.03
0.10
0.07
0.11
0.03
0.07
0.02
0.11
0.05
0.07
0.08
0.06
0.05
0.16
0.09
0.06
0.06
0.06
0.17
0.09
0.06
0.12
0.05
0.10
0.09
0.07
0.14
0.05
0.16
0.12
0.07
0.06
0.10
0.05
0.02
0.04
0.05
0.02
0.04
0.08
0.14
0.08
0.06
0.09
0.09
0.09
0.05
0.05
0.07
0.02
0.07
0.08
0.11
0.03
0.01
0.04
0.08
0.01
0.07
0.07
0.02
0.15
0.08
0.03
0.02
0.03
0.02
0.05
0.10
0.09
0.07
0.03
0.09
0.04
0.03
0.02
0.18
0.04
0.15
0.06
0.06
0.03
0.10
0.07
0.02
0.11
0.20
0.07
0.05
0.06
0.06
0.04
0.06
0.06
0.02
0.03
0.14
0.08
0.04
0.04
0.05
0.09
0.15
0.03
0.02
0.11
0.05
0.03
0.07
0.02
0.08
0.13
0.09
0.07
0.05
0.10
0.10
0.01
0.06
0.07
0.12
0.16
0.05
0.02
0.01
0.02
0.06
0.06
0.08
0.01
0.02
0.05
0.01
0.01
0.06
0.06
0.02
0.06
0.09
0.00
0.07
0.14
0.01
0.02
0.02
0.04
0.10
0.05
0.02
0.19
0.02
0.06
0.04
0.06
0.04
0.02
0.08
0.11
0.06
0.02
0.01
0.03
0.02
0.10
0.02
0.07
0.02
0.06
0.05
0.01
0.03
0.05
0.02
0.03
0.00
0.03
0.02
0.05
0.03
0.01
0.01
0.03
0.19
0.01
0.01
0.07
0.01
0.06
0.04
0.02
0.02
0.05
0.01
0.07
0.08
0.03
0.05
0.01
0.06
0.12
0.04
0.04
0.08
0.02
0.03
0.04
0.02
0.01
0.00
0.09
0.02
0.05
0.01
0.12
0.01
0.02
0.01
0.03
0.00
0.09
0.01
0.01
0.10
0.02
0.03
0.00
0.08
0.01
0.06
0.02
0.04
0.10
0.03
0.01
0.02
0.02
0.04
0.05
0.03
0.07
0.03
0.01
0.06
0.01
0.00
0.05
0.02
0.02
0.02
0.07
0.01
0.01
0.03
0.01
0.02
0.01
0.01
0.01
0.05
0.07
0.04
0.02
0.03
0.05
0.07
0.01
0.03
0.01
0.05
0.01
0.03
0.01
0.01
0.03
0.07
0.05
0.02
0.01
0.01
0.06
0.06
0.10
0.01
0.01
0.05
0.05
0.02
0.03
0.09
0.03
0.02
0.03
0.04
0.01
0.00
0.01
0.02
0.00
0.03
0.01
0.01
0.01
0.03
0.02
0.03
0.01
0.04
0.00
0.00
0.01
0.03
0.01
0.03
0.02
0.10
0.01
0.07
0.01
0.01
0.00
0.03
0.01
0.03
0.00
0.01
0.00
0.03
0.01
0.00
0.04
0.00
0.01
0.00
0.01
0.04
0.01
0.04
0.01
0.03
0.08
0.00
0.01
0.00
0.02
0.02
0.00
0.03
0.01
0.00
0.01
0.01
0.01
0.04
0.07
0.05
0.04
0.09
0.01
0.00
0.01
0.01
0.06
0.01
0.00
0.02
0.01
0.01
0.00
0.05
0.00
0.07
0.01
0.03
0.01
0.01
0.00
0.03
0.00
0.02
0.02
0.01
0.00
0.01
0.00
0.01
0.00
0.01
0.00
0.01
0.01
0.01
0.00
0.05
0.00
0.01
0.05
0.00
0.01
0.00
0.01
0.01
0.02
0.02
0.00
0.02
0.01
0.01
0.00
0.00
0.01
0.02
0.01
0.02
0.02
0.01
0.00
0.00
0.00
0.01
0.02
0.00
0.00
0.06
0.03
0.00
0.03
0.03
0.00
0.00
0.00
0.01
0.01
0.00
0.00
0.01
0.01
0.02
0.00
0.03
0.01
0.00
0.00
0.05
0.00
0.01
0.00
0.01
0.00
0.04
0.05
0.00
0.02
0.03
0.00
0.00
0.00
0.03
0.00
0.02
0.01
0.00
0.00
0.02
0.01
0.00
0.00
0.00
0.00
0.03
0.00
0.00
0.01
0.00
0.00
0.02
0.04
0.01
0.00
0.01
0.00
0.00
0.00
0.01
0.00
0.00
0.01
0.00
0.00
0.00
0.00
0.00
0.00
0.02
0.00
0.00
0.01
0.00
0.00
0.00
0.00
0.00
0.00
0.00
0.00
0.00
0.01
0.02
0.02
0.03
0.01
0.01
0.00
0.00
0.00
0.00
0.00
0.00
0.02
0.00
0.00
0.00
0.00
0.00
0.00
0.01
0.00
0.00
0.01
0.00
0.00
0.00
0.01
0.00
0.00
0.00
0.01
0.00
0.00
0.01
0.00
0.01
0.00
0.00
0.00
0.03
0.00
0.02
0.00
0.00
0.00
0.02
0.00
0.00
0.01
0.00
0.00
0.00
0.00
0.00
0.00
0.00
0.01
0.00
0.02
0.00
0.00
0.01
0.01
0.00
0.00
0.00
0.02
0.00
0.00
0.00
0.00
0.00
0.00
0.00
0.00
0.00
0.00
0.03
0.00
0.01
0.00
0.00
0.00
0.01
0.00
0.01
0.00
0.00
0.00
0.00
0.00
0.00
0.00
0.00
0.00
0.00
0.00
0.00
0.00
0.00
0.00
0.01
0.01
0.01
0.00
0.00
0.00
0.01
0.00
0.00
0.00
0.00
0.00
0.03
0.00
0.00
0.00
0.01
0.00
0.00
0.00
0.00
0.00
0.00
0.00
0.00
0.00
0.00
0.00
0.00
0.01
0.00
0.00
0.00
0.00
0.00
0.00
0.00
0.00
0.00
0.00
0.00
0.00
0.00
0.00
0.00
0.00
0.01
0.00
0.00
0.00
0.00
0.01
0.00
0.00
0.00
0.00
0.05
0.00
0.00
0.00
0.00
0.00
0.00
0.00
0.00
0.01
0.00
0.02
0.00
0.00
0.00
0.00
0.00
0.00
0.02
0.00
0.00
0.00
0.00
0.01
0.00
0.00
0.00
0.00
0.00
0.00
0.00
0.00
0.00
0.00
0.01
0.03
0.00
0.00
0.00
0.00
0.00
0.00
0.00
0.00
0.00
0.00
0.00
0.00
0.00
0.00
0.00
0.00
0.00
0.00
0.00
0.00
0.00
0.00
0.00
0.00
0.00
0.00
0.00
0.00
0.00
0.00
0.00
0.00
0.00
0.00
0.00
0.00
0.00
0.00
0.00
0.00
0.00
0.00
0.00
0.00
0.00
0.00
0.00
0.00
0.00
0.00
0.00
0.02
0.00
0.00
0.00
0.00
0.00
0.00
0.00
0.01
0.00
0.00
0.00
0.00
0.00
0.00
0.00
0.00
0.00
0.00
0.00
0.00
0.00
0.00
0.00
0.00
0.00
0.01
0.00
0.02
0.00
0.00
0.00
0.00
0.00
0.00
0.00
0.00
0.00
0.00
0.00
0.00
0.00
0.00
0.00
0.00
0.00
0.00
0.00
0.00
0.00
0.00
0.00
0.00
0.00
0.00
0.00
0.00
0.00
0.00
0.00
0.00
0.00
0.00
0.00
0.00
0.00
0.00
0.00
0.01
0.00
0.00
0.00
0.00
0.00
0.00
0.00
0.00
0.00
0.00
0.00
0.00
0.00
0.00
0.00
0.00
0.00
0.00
0.00
0.00
0.00
0.00
0.00
0.00
0.00
0.00
0.00
0.00
0.00
0.00
0.00
0.00
0.00
0.00
0.00
0.00
0.00
0.00
0.00
0.00
0.00
0.00
0.00
0.00
0.00
0.00
0.00
0.00
0.00
0.00
0.00
0.00
0.00
0.01
0.00
0.00
0.01
0.00
0.00
0.00
0.00
0.00
0.00
0.00
0.00
0.00
0.00
0.00
0.00
0.00
0.00
0.00
0.00
0.00
0.00
0.00
0.00
0.00
0.00
0.00
0.00
0.00
0.00
0.00
0.00
0.00
0.00
0.00
0.00
0.00
0.00
0.00
0.00
0.00
0.00
0.00
0.00
0.00
0.00
0.00
0.00
0.00
0.00
0.00
0.00
0.00
0.00
0.00
0.00
0.00
0.00
0.00
0.00
0.00
0.00
0.01
0.00
0.00
0.00
0.00
0.00
0.00
0.00
0.00
0.00
0.00
0.00
0.00
0.00
0.00
0.00
0.00
0.00
0.00
0.00
0.00
0.00
0.00
0.00
0.00
0.00
0.00
0.00
0.00
0.00
0.00
0.00
0.00
0.00
0.00
0.00
0.00
0.00
0.00
0.00
0.00
0.00
0.00
0.00
0.00
0.00
0.00
0.00
0.00
0.00
0.00
0.00
0.00
0.01
0.00
0.00
0.00
0.00
0.00
0.00
0.00
0.00
0.00
0.00
0.00
0.02
0.00
0.00
0.00
0.00
0.00
0.00
0.00
0.00
0.00
0.00
0.00
0.00
0.00
0.00
0.00
0.00
0.00
0.00
0.00
0.00
0.00
0.00
0.00
0.00
0.00
0.00
0.00
0.00
0.00
0.00
0.00
0.00
0.00
0.00
0.00
0.00
0.00
0.00
0.00
0.00
0.00
0.00
0.00
0.00
0.00
0.00
0.00
0.00
0.00
0.00
0.00
0.00
0.00
0.00
0.00
0.00
0.00
0.00
0.00
0.00
0.00
0.00
0.01
