19.00
38.00
57.00
76.00
95.00
114.00
133.00
152.00
171.00
190.00
228.00
247.00
266.00
285.00
304.00
323.00
342.00
361.00
380.00
399.00
437.00
456.00
475.00
494.00
513.00
532.00
551.00
570.00
589.00
608.00
646.00
665.00
684.00
703.00
722.00
741.00
760.00
779.00
798.00
817.00
855.00
874.00
893.00
912.00
931.00
950.00
969.00
988.00
1007.00
1026.00
1064.00
1083.00
1102.00
1121.00
1140.00
1159.00
1178.00
1197.00
1216.00
1235.00
1273.00
1292.00
1311.00
1330.00
1349.00
1368.00
1387.00
1406.00
1425.00
1444.00
1482.00
1501.00
1520.00
1539.00
1558.00
1577.00
1596.00
1615.00
1634.00
1653.00
1691.00
1710.00
1729.00
1748.00
1767.00
1786.00
1805.00
1824.00
1843.00
1862.00
1900.00
1919.00
1938.00
1957.00
1976.00
1995.00
2014.00
2033.00
2052.00
2071.00
2109.00
2128.00
2147.00
2166.00
2185.00
2204.00
2223.00
2242.00
2261.00
2280.00
2318.00
2337.00
2356.00
2375.00
2394.00
2413.00
2432.00
2451.00
2470.00
2489.00
2527.00
2546.00
2565.00
2584.00
2603.00
2622.00
2641.00
2660.00
2679.00
2698.00
2736.00
2755.00
2774.00
2793.00
2812.00
2831.00
2850.00
2869.00
2888.00
2907.00
2945.00
2964.00
2983.00
3002.00
3021.00
3040.00
3059.00
3078.00
3097.00
3116.00
3154.00
3173.00
3192.00
3211.00
3230.00
3249.00
3268.00
3287.00
3306.00
3325.00
3363.00
3382.00
3401.00
3420.00
3439.00
3458.00
3477.00
3496.00
3515.00
3534.00
3572.00
3591.00
3610.00
3629.00
3648.00
3667.00
3686.00
3705.00
3724.00
3743.00
3781.00
3800.00
3819.00
3838.00
3857.00
3876.00
3895.00
3914.00
3933.00
3952.00
3990.00
4009.00
4028.00
4047.00
4066.00
4085.00
4104.00
4123.00
4142.00
4161.00
4199.00
4218.00
4237.00
4256.00
4275.00
4294.00
4313.00
4332.00
4351.00
4370.00
4408.00
4427.00
4446.00
4465.00
4484.00
4503.00
4522.00
4541.00
4560.00
4579.00
4617.00
4636.00
4655.00
4674.00
4693.00
4712.00
4731.00
4750.00
4769.00
4788.00
4826.00
4845.00
4864.00
4883.00
4902.00
4921.00
4940.00
4959.00
4978.00
4997.00
5035.00
5054.00
5073.00
5092.00
5111.00
5130.00
5149.00
5168.00
5187.00
5206.00
5244.00
5263.00
5282.00
5301.00
5320.00
5339.00
5358.00
5377.00
5396.00
5415.00
5453.00
5472.00
5491.00
5510.00
5529.00
5548.00
5567.00
5586.00
5605.00
5624.00
5662.00
5681.00
5700.00
5719.00
5738.00
5757.00
5776.00
5795.00
5814.00
5833.00
5871.00
5890.00
5909.00
5928.00
5947.00
5966.00
5985.00
6004.00
6023.00
6042.00
6080.00
6099.00
6118.00
6137.00
6156.00
6175.00
6194.00
6213.00
6232.00
6251.00
6289.00
6308.00
6327.00
6346.00
6365.00
6384.00
6403.00
6422.00
6441.00
6460.00
6498.00
6517.00
6536.00
6555.00
6574.00
6593.00
6612.00
6631.00
6650.00
6669.00
6707.00
6726.00
6745.00
6764.00
6783.00
6802.00
6821.00
6840.00
6859.00
6878.00
6916.00
6935.00
6954.00
6973.00
6992.00
7011.00
7030.00
7049.00
7068.00
7087.00
7125.00
7144.00
7163.00
7182.00
7201.00
7220.00
7239.00
7258.00
7277.00
7296.00
7334.00
7353.00
7372.00
7391.00
7410.00
7429.00
7448.00
7467.00
7486.00
7505.00
7543.00
7562.00
7581.00
7600.00
7619.00
7638.00
7657.00
7676.00
7695.00
7714.00
7752.00
7771.00
7790.00
7809.00
7828.00
7847.00
7866.00
7885.00
7904.00
7923.00
7961.00
7980.00
7999.00
8018.00
8037.00
8056.00
8075.00
8094.00
8113.00
8132.00
8170.00
8189.00
8208.00
8227.00
8246.00
8265.00
8284.00
8303.00
8322.00
8341.00
8379.00
8398.00
8417.00
8436.00
8455.00
8474.00
8493.00
8512.00
8531.00
8550.00
8588.00
8607.00
8626.00
8645.00
8664.00
8683.00
8702.00
8721.00
8740.00
8759.00
8797.00
8816.00
8835.00
8854.00
8873.00
8892.00
8911.00
8930.00
8949.00
8968.00
9006.00
9025.00
9044.00
9063.00
9082.00
9101.00
9120.00
9139.00
9158.00
9177.00
9215.00
9234.00
9253.00
9272.00
9291.00
9310.00
9329.00
9348.00
9367.00
9386.00
9424.00
9443.00
9462.00
9481.00
9500.00
9519.00
9538.00
9557.00
9576.00
9595.00
9633.00
9652.00
9671.00
9690.00
9709.00
9728.00
9747.00
9766.00
9785.00
9804.00
9842.00
9861.00
9880.00
9899.00
9918.00
9937.00
9956.00
9975.00
9994.00
10013.00
10051.00
10070.00
10089.00
10108.00
10127.00
10146.00
10165.00
10184.00
10203.00
10222.00
10260.00
10279.00
10298.00
10317.00
10336.00
10355.00
10374.00
10393.00
10412.00
10431.00
10469.00
10488.00
10507.00
10526.00
10545.00
10564.00
10583.00
10602.00
10621.00
10640.00
10678.00
10697.00
10716.00
10735.00
10754.00
10773.00
10792.00
10811.00
10830.00
10849.00
10887.00
10906.00
10925.00
10944.00
10963.00
10982.00
11001.00
11020.00
11039.00
11058.00
11096.00
11115.00
11134.00
11153.00
11172.00
11191.00
11210.00
11229.00
11248.00
11267.00
11305.00
11324.00
11343.00
11362.00
11381.00
11400.00
11419.00
11438.00
11457.00
11476.00
11514.00
11533.00
11552.00
11571.00
11590.00
11609.00
11628.00
11647.00
11666.00
11685.00
11723.00
11742.00
11761.00
11780.00
11799.00
11818.00
11837.00
11856.00
11875.00
11894.00
11932.00
11951.00
11970.00
11989.00
12008.00
12027.00
12046.00
12065.00
12084.00
12103.00
12141.00
12160.00
12179.00
12198.00
12217.00
12236.00
12255.00
12274.00
12293.00
12312.00
12350.00
12369.00
12388.00
12407.00
12426.00
12445.00
12464.00
12483.00
12502.00
12521.00
12559.00
12578.00
12597.00
12616.00
12635.00
12654.00
12673.00
12692.00
12711.00
12730.00
12768.00
12787.00
12806.00
12825.00
12844.00
12863.00
12882.00
12901.00
12920.00
12939.00
12977.00
12996.00
13015.00
13034.00
13053.00
13072.00
13091.00
13110.00
13129.00
13148.00
13186.00
13205.00
13224.00
13243.00
13262.00
13281.00
13300.00
13319.00
13338.00
13357.00
13395.00
13414.00
13433.00
13452.00
13471.00
13490.00
13509.00
13528.00
13547.00
13566.00
13604.00
13623.00
13642.00
13661.00
13680.00
13699.00
13718.00
13737.00
13756.00
13775.00
13813.00
13832.00
13851.00
13870.00
13889.00
13908.00
13927.00
13946.00
13965.00
13984.00
14022.00
14041.00
14060.00
14079.00
14098.00
14117.00
14136.00
14155.00
14174.00
14193.00
14231.00
14250.00
14269.00
14288.00
14307.00
14326.00
14345.00
14364.00
14383.00
14402.00
14440.00
14459.00
14478.00
14497.00
14516.00
14535.00
14554.00
14573.00
14592.00
14611.00
14649.00
14668.00
14687.00
14706.00
14725.00
14744.00
14763.00
14782.00
14801.00
14820.00
14858.00
14877.00
14896.00
14915.00
14934.00
14953.00
14972.00
14991.00
15010.00
15029.00
15067.00
15086.00
15105.00
15124.00
15143.00
15162.00
15181.00
15200.00
15219.00
15238.00
15276.00
15295.00
15314.00
15333.00
15352.00
15371.00
15390.00
15409.00
15428.00
15447.00
15485.00
15504.00
15523.00
15542.00
15561.00
15580.00
15599.00
15618.00
15637.00
15656.00
15694.00
15713.00
15732.00
15751.00
15770.00
15789.00
15808.00
15827.00
15846.00
15865.00
15903.00
15922.00
15941.00
15960.00
15979.00
15998.00
16017.00
16036.00
16055.00
16074.00
16112.00
16131.00
16150.00
16169.00
16188.00
16207.00
16226.00
16245.00
16264.00
16283.00
16321.00
16340.00
16359.00
16378.00
16397.00
16416.00
16435.00
16454.00
16473.00
16492.00
16530.00
16549.00
16568.00
16587.00
16606.00
16625.00
16644.00
16663.00
16682.00
16701.00
16739.00
16758.00
16777.00
16796.00
16815.00
16834.00
16853.00
16872.00
16891.00
16910.00
16948.00
16967.00
16986.00
17005.00
17024.00
17043.00
17062.00
17081.00
17100.00
17119.00
17157.00
17176.00
17195.00
17214.00
17233.00
17252.00
17271.00
17290.00
17309.00
17328.00
17366.00
17385.00
17404.00
17423.00
17442.00
17461.00
17480.00
17499.00
17518.00
17537.00
17575.00
17594.00
17613.00
17632.00
17651.00
17670.00
17689.00
17708.00
17727.00
17746.00
17784.00
17803.00
17822.00
17841.00
17860.00
17879.00
17898.00
17917.00
17936.00
17955.00
17993.00
18012.00
18031.00
18050.00
18069.00
18088.00
18107.00
18126.00
18145.00
18164.00
18202.00
18221.00
18240.00
18259.00
18278.00
18297.00
18316.00
18335.00
18354.00
18373.00
18411.00
18430.00
18449.00
18468.00
18487.00
18506.00
18525.00
18544.00
18563.00
18582.00
18620.00
18639.00
18658.00
18677.00
18696.00
18715.00
18734.00
18753.00
18772.00
18791.00
18829.00
18848.00
18867.00
18886.00
18905.00
18924.00
18943.00
18962.00
18981.00
19000.00
19038.00
19057.00
19076.00
19095.00
19114.00
19133.00
19152.00
19171.00
19190.00
19209.00
19247.00
19266.00
19285.00
19304.00
19323.00
19342.00
19361.00
19380.00
19399.00
19418.00
19456.00
19475.00
19494.00
19513.00
19532.00
19551.00
19570.00
19589.00
19608.00
19627.00
19665.00
19684.00
19703.00
19722.00
19741.00
19760.00
19779.00
19798.00
19817.00
19836.00
19874.00
19893.00
19912.00
19931.00
19950.00
19969.00
19988.00
20007.00
20026.00
20045.00
20083.00
20102.00
20121.00
20140.00
20159.00
20178.00
20197.00
20216.00
20235.00
20254.00
20292.00
20311.00
20330.00
20349.00
20368.00
20387.00
20406.00
20425.00
20444.00
20463.00
20501.00
20520.00
20539.00
20558.00
20577.00
20596.00
20615.00
20634.00
20653.00
20672.00
20710.00
20729.00
20748.00
20767.00
20786.00
20805.00
20824.00
20843.00
20862.00
20881.00
20919.00
20938.00
20957.00
20976.00
20995.00
21014.00
21033.00
21052.00
21071.00
21090.00
21128.00
21147.00
21166.00
21185.00
21204.00
21223.00
21242.00
21261.00
21280.00
21299.00
21337.00
21356.00
21375.00
21394.00
21413.00
21432.00
21451.00
21470.00
21489.00
21508.00
21546.00
21565.00
21584.00
21603.00
21622.00
21641.00
21660.00
21679.00
21698.00
21717.00
21755.00
21774.00
21793.00
21812.00
21831.00
21850.00
21869.00
21888.00
21907.00
21926.00
21964.00
21983.00
22002.00
22021.00
22040.00
22059.00
22078.00
22097.00
22116.00
22135.00
22173.00
22192.00
22211.00
22230.00
22249.00
22268.00
22287.00
22306.00
22325.00
22344.00
22382.00
22401.00
22420.00
22439.00
22458.00
22477.00
22496.00
22515.00
22534.00
22553.00
22591.00
22610.00
22629.00
22648.00
22667.00
22686.00
22705.00
22724.00
22743.00
22762.00
22800.00
22819.00
22838.00
22857.00
22876.00
22895.00
22914.00
22933.00
22952.00
22971.00
23009.00
23028.00
23047.00
23066.00
23085.00
23104.00
23123.00
23142.00
23161.00
23180.00
23218.00
23237.00
23256.00
23275.00
23294.00
23313.00
23332.00
23351.00
23370.00
23389.00
23427.00
23446.00
23465.00
23484.00
23503.00
23522.00
23541.00
23560.00
23579.00
23598.00
23636.00
23655.00
23674.00
23693.00
23712.00
23731.00
23750.00
23769.00
23788.00
23807.00
23845.00
23864.00
23883.00
23902.00
23921.00
23940.00
23959.00
23978.00
23997.00
24016.00
24054.00
24073.00
24092.00
24111.00
24130.00
24149.00
24168.00
24187.00
24206.00
24225.00
24263.00
24282.00
24301.00
24320.00
24339.00
24358.00
24377.00
24396.00
24415.00
24434.00
24472.00
24491.00
24510.00
24529.00
24548.00
24567.00
24586.00
24605.00
24624.00
24643.00
24681.00
24700.00
24719.00
24738.00
24757.00
24776.00
24795.00
24814.00
24833.00
24852.00
24890.00
24909.00
24928.00
24947.00
24966.00
24985.00
25004.00
25023.00
25042.00
25061.00
25099.00
25118.00
25137.00
25156.00
25175.00
25194.00
25213.00
25232.00
25251.00
25270.00
25308.00
25327.00
25346.00
25365.00
25384.00
25403.00
25422.00
25441.00
25460.00
25479.00
25517.00
25536.00
25555.00
25574.00
25593.00
25612.00
25631.00
25650.00
25669.00
25688.00
25726.00
25745.00
25764.00
25783.00
25802.00
25821.00
25840.00
25859.00
25878.00
25897.00
25935.00
25954.00
25973.00
25992.00
26011.00
26030.00
26049.00
26068.00
26087.00
26106.00
26144.00
26163.00
26182.00
26201.00
26220.00
26239.00
26258.00
26277.00
26296.00
26315.00
26353.00
26372.00
26391.00
26410.00
26429.00
26448.00
26467.00
26486.00
26505.00
26524.00
26562.00
26581.00
26600.00
26619.00
26638.00
26657.00
26676.00
26695.00
26714.00
26733.00
26771.00
26790.00
26809.00
26828.00
26847.00
26866.00
26885.00
26904.00
26923.00
26942.00
26980.00
26999.00
27018.00
27037.00
27056.00
27075.00
27094.00
27113.00
27132.00
27151.00
27189.00
27208.00
27227.00
27246.00
27265.00
27284.00
27303.00
27322.00
27341.00
27360.00
27398.00
27417.00
27436.00
27455.00
27474.00
27493.00
27512.00
27531.00
27550.00
27569.00
27607.00
27626.00
27645.00
27664.00
27683.00
27702.00
27721.00
27740.00
27759.00
27778.00
27816.00
27835.00
27854.00
27873.00
27892.00
27911.00
27930.00
27949.00
27968.00
27987.00
28025.00
28044.00
28063.00
28082.00
28101.00
28120.00
28139.00
28158.00
28177.00
28196.00
28234.00
28253.00
28272.00
28291.00
28310.00
28329.00
28348.00
28367.00
28386.00
28405.00
28443.00
28462.00
28481.00
28500.00
28519.00
28538.00
28557.00
28576.00
28595.00
28614.00
28652.00
28671.00
28690.00
28709.00
28728.00
28747.00
28766.00
28785.00
28804.00
28823.00
28861.00
28880.00
28899.00
28918.00
28937.00
28956.00
28975.00
28994.00
29013.00
29032.00
29070.00
29089.00
29108.00
29127.00
29146.00
29165.00
29184.00
29203.00
29222.00
29241.00
29279.00
29298.00
29317.00
29336.00
29355.00
29374.00
29393.00
29412.00
29431.00
29450.00
29488.00
29507.00
29526.00
29545.00
29564.00
29583.00
29602.00
29621.00
29640.00
29659.00
29697.00
29716.00
29735.00
29754.00
29773.00
29792.00
29811.00
29830.00
29849.00
29868.00
29906.00
29925.00
29944.00
29963.00
29982.00
30001.00
30020.00
30039.00
30058.00
30077.00
30115.00
30134.00
30153.00
30172.00
30191.00
30210.00
30229.00
30248.00
30267.00
30286.00
30324.00
30343.00
30362.00
30381.00
30400.00
30419.00
30438.00
30457.00
30476.00
30495.00
30533.00
30552.00
30571.00
30590.00
30609.00
30628.00
30647.00
30666.00
30685.00
30704.00
30742.00
30761.00
30780.00
30799.00
30818.00
30837.00
30856.00
30875.00
30894.00
30913.00
30951.00
30970.00
30989.00
31008.00
31027.00
31046.00
31065.00
31084.00
31103.00
31122.00
31160.00
31179.00
31198.00
31217.00
31236.00
31255.00
31274.00
31293.00
31312.00
31331.00
31369.00
31388.00
31407.00
31426.00
31445.00
31464.00
31483.00
31502.00
31521.00
31540.00
31578.00
31597.00
31616.00
31635.00
31654.00
31673.00
31692.00
31711.00
31730.00
31749.00
31787.00
31806.00
31825.00
31844.00
31863.00
31882.00
31901.00
31920.00
31939.00
31958.00
31996.00
32015.00
32034.00
32053.00
32072.00
32091.00
32110.00
32129.00
32148.00
32167.00
32205.00
32224.00
32243.00
32262.00
32281.00
32300.00
32319.00
32338.00
32357.00
32376.00
32414.00
32433.00
32452.00
32471.00
32490.00
32509.00
32528.00
32547.00
32566.00
32585.00
32623.00
32642.00
32661.00
32680.00
32699.00
32718.00
32737.00
32756.00
32775.00
32794.00
32832.00
32851.00
32870.00
32889.00
32908.00
32927.00
32946.00
32965.00
32984.00
33003.00
33041.00
33060.00
33079.00
33098.00
33117.00
33136.00
33155.00
33174.00
33193.00
33212.00
33250.00
33269.00
33288.00
33307.00
33326.00
33345.00
33364.00
33383.00
33402.00
33421.00
33459.00
33478.00
33497.00
33516.00
33535.00
33554.00
33573.00
33592.00
33611.00
33630.00
33668.00
33687.00
33706.00
33725.00
33744.00
33763.00
33782.00
33801.00
33820.00
33839.00
33877.00
33896.00
33915.00
33934.00
33953.00
33972.00
33991.00
34010.00
34029.00
34048.00
34086.00
34105.00
34124.00
34143.00
34162.00
34181.00
34200.00
34219.00
34238.00
34257.00
34295.00
34314.00
34333.00
34352.00
34371.00
34390.00
34409.00
34428.00
34447.00
34466.00
34504.00
34523.00
34542.00
34561.00
34580.00
34599.00
34618.00
34637.00
34656.00
34675.00
34713.00
34732.00
34751.00
34770.00
34789.00
34808.00
34827.00
34846.00
34865.00
34884.00
34922.00
34941.00
34960.00
34979.00
34998.00
35017.00
35036.00
35055.00
35074.00
35093.00
35131.00
35150.00
35169.00
35188.00
35207.00
35226.00
35245.00
35264.00
35283.00
35302.00
35340.00
35359.00
35378.00
35397.00
35416.00
35435.00
35454.00
35473.00
35492.00
35511.00
35549.00
35568.00
35587.00
35606.00
35625.00
35644.00
35663.00
35682.00
35701.00
35720.00
35758.00
35777.00
35796.00
35815.00
35834.00
35853.00
35872.00
35891.00
35910.00
35929.00
35967.00
35986.00
36005.00
36024.00
36043.00
36062.00
36081.00
36100.00
36119.00
36138.00
36176.00
36195.00
36214.00
36233.00
36252.00
36271.00
36290.00
36309.00
36328.00
36347.00
36385.00
36404.00
36423.00
36442.00
36461.00
36480.00
36499.00
36518.00
36537.00
36556.00
36594.00
36613.00
36632.00
36651.00
36670.00
36689.00
36708.00
36727.00
36746.00
36765.00
36803.00
36822.00
36841.00
36860.00
36879.00
36898.00
36917.00
36936.00
36955.00
36974.00
37012.00
37031.00
37050.00
37069.00
37088.00
37107.00
37126.00
37145.00
37164.00
37183.00
37221.00
37240.00
37259.00
37278.00
37297.00
37316.00
37335.00
37354.00
37373.00
37392.00
37430.00
37449.00
37468.00
37487.00
37506.00
37525.00
37544.00
37563.00
37582.00
37601.00
37639.00
37658.00
37677.00
37696.00
37715.00
37734.00
37753.00
37772.00
37791.00
37810.00
37848.00
37867.00
37886.00
37905.00
37924.00
37943.00
37962.00
37981.00
38000.00
38019.00
38057.00
38076.00
38095.00
38114.00
38133.00
38152.00
38171.00
38190.00
38209.00
38228.00
38266.00
38285.00
38304.00
38323.00
38342.00
38361.00
38380.00
38399.00
38418.00
38437.00
38475.00
38494.00
38513.00
38532.00
38551.00
38570.00
38589.00
38608.00
38627.00
38646.00
38684.00
38703.00
38722.00
38741.00
38760.00
38779.00
38798.00
38817.00
38836.00
38855.00
38893.00
38912.00
38931.00
38950.00
38969.00
38988.00
39007.00
39026.00
39045.00
39064.00
39102.00
39121.00
39140.00
39159.00
39178.00
39197.00
39216.00
39235.00
39254.00
39273.00
39311.00
39330.00
39349.00
39368.00
39387.00
39406.00
39425.00
39444.00
39463.00
39482.00
39520.00
39539.00
39558.00
39577.00
39596.00
39615.00
39634.00
39653.00
39672.00
39691.00
39729.00
39748.00
39767.00
39786.00
39805.00
39824.00
39843.00
39862.00
39881.00
39900.00
39938.00
39957.00
39976.00
39995.00
40014.00
40033.00
40052.00
40071.00
40090.00
40109.00
40147.00
40166.00
40185.00
40204.00
40223.00
40242.00
40261.00
40280.00
40299.00
40318.00
40356.00
40375.00
40394.00
40413.00
40432.00
40451.00
40470.00
40489.00
40508.00
40527.00
40565.00
40584.00
40603.00
40622.00
40641.00
40660.00
40679.00
40698.00
40717.00
40736.00
40774.00
40793.00
40812.00
40831.00
40850.00
40869.00
40888.00
40907.00
40926.00
40945.00
40983.00
41002.00
41021.00
41040.00
41059.00
41078.00
41097.00
41116.00
41135.00
41154.00
41192.00
41211.00
41230.00
41249.00
41268.00
41287.00
41306.00
41325.00
41344.00
41363.00
41401.00
41420.00
41439.00
41458.00
41477.00
41496.00
41515.00
41534.00
41553.00
41572.00
41610.00
41629.00
41648.00
41667.00
41686.00
41705.00
41724.00
41743.00
41762.00
41781.00
