0.43
0.54
0.60
0.36
0.66
0.30
0.21
0.75
0.14
0.27
0.59
0.28
0.31
0.86
0.44
0.59
0.23
0.27
0.56
0.45
0.25
0.39
0.47
0.69
0.29
0.61
0.43
0.34
0.30
0.19
0.18
0.15
0.27
0.23
0.23
0.46
0.12
0.02
0.21
0.71
0.39
0.40
0.28
0.09
0.12
0.20
0.17
0.06
0.33
0.37
0.56
0.36
0.38
0.15
0.13
0.33
0.28
0.29
0.19
0.24
0.04
0.04
0.04
0.25
0.02
0.21
0.14
0.04
0.28
0.06
0.27
0.12
0.22
0.24
0.35
0.08
0.08
0.12
0.06
0.07
0.04
0.18
0.03
0.03
0.28
0.23
0.03
0.03
0.10
0.23
0.09
0.09
0.32
0.04
0.03
0.04
0.03
0.30
0.02
0.09
0.09
0.04
0.04
0.09
0.23
0.02
0.10
0.19
0.23
0.00
0.02
0.08
0.01
0.00
0.00
0.03
0.05
0.01
0.06
0.00
0.01
0.13
0.01
0.01
0.03
0.00
0.00
0.00
0.10
0.02
0.01
0.01
0.02
0.02
0.00
0.02
0.01
0.01
0.00
0.01
0.07
0.05
0.01
0.01
0.01
0.09
0.05
0.01
0.01
0.00
0.01
0.01
0.00
0.00
0.05
0.01
0.00
0.03
0.00
0.06
0.00
0.00
0.00
0.00
0.00
0.00
0.07
0.00
0.00
0.00
0.00
0.00
0.00
0.00
0.00
0.00
0.00
0.00
0.01
0.00
0.00
0.07
0.00
0.00
0.00
0.00
0.00
0.00
0.01
0.00
0.00
0.00
0.00
0.00
0.01
0.00
0.00
0.00
0.00
0.00
