2.29
2.20
1.98
2.13
2.03
2.19
1.74
1.64
1.80
1.83
1.62
1.42
1.61
1.51
1.56
1.46
1.45
1.39
1.34
1.23
1.33
1.24
1.35
1.38
1.20
1.24
1.14
1.13
1.39
1.25
1.28
1.08
1.40
1.15
1.44
1.29
1.03
0.86
0.96
0.91
0.97
1.20
0.93
1.05
0.98
0.89
0.88
0.68
0.88
0.70
0.80
0.92
0.80
0.85
0.72
0.78
0.76
0.86
1.06
0.87
0.76
0.75
0.85
0.79
0.83
0.63
0.60
0.65
0.79
0.69
0.70
0.60
0.96
0.65
0.84
0.62
0.89
0.74
0.59
0.58
0.69
0.58
0.73
0.62
0.70
0.76
0.60
0.60
0.68
0.47
0.54
0.42
0.80
0.59
0.54
0.47
0.60
0.41
0.74
0.57
0.65
0.55
0.70
0.45
0.44
0.44
0.49
0.44
0.43
0.59
0.55
0.39
0.42
0.45
0.38
0.34
0.54
0.41
0.38
0.23
0.61
0.34
0.26
0.24
0.28
0.37
0.51
0.37
0.39
0.37
0.37
0.29
0.31
0.22
0.28
0.20
0.32
0.34
0.57
0.24
0.25
0.31
0.76
0.31
0.24
0.25
0.34
0.21
0.19
0.23
0.26
0.27
0.32
0.24
0.17
0.29
0.60
0.37
0.17
0.28
0.42
0.28
0.25
0.31
0.30
0.16
0.20
0.13
0.12
0.16
0.09
0.12
0.18
0.14
0.31
0.21
0.27
0.22
0.06
0.17
0.07
0.18
0.22
0.28
0.26
0.22
0.14
0.27
0.35
0.13
0.20
0.09
0.11
0.04
0.23
0.23
0.37
0.23
0.30
0.17
0.12
0.21
0.05
0.07
0.17
0.12
0.21
0.10
0.21
0.08
0.08
0.12
0.10
0.13
0.18
0.12
0.24
0.11
0.06
0.07
0.13
0.07
0.12
0.08
0.07
0.05
0.20
0.15
0.23
0.14
0.09
0.12
0.20
0.13
0.29
0.15
0.11
0.09
0.05
0.07
0.08
0.05
0.03
0.03
0.10
0.14
0.04
0.06
0.09
0.07
0.12
0.19
0.02
0.01
0.05
0.05
0.02
0.04
0.06
0.10
0.06
0.09
0.06
0.05
0.17
0.03
0.06
0.03
0.10
0.11
0.10
0.06
0.04
0.08
0.02
0.08
0.01
0.04
0.03
0.01
0.07
0.03
0.04
0.04
0.05
0.03
0.02
0.01
0.04
0.03
0.02
0.00
0.03
0.02
0.02
0.01
0.04
0.05
0.03
0.01
0.01
0.02
0.02
0.01
0.01
0.01
0.07
0.06
0.01
0.02
0.02
0.05
0.01
0.00
0.01
0.01
0.01
0.01
0.03
0.02
0.01
0.03
0.00
0.02
0.01
0.03
0.00
0.01
0.01
0.00
0.02
0.02
0.02
0.03
0.00
0.01
0.01
0.02
0.00
0.01
0.00
0.01
0.02
0.04
0.01
0.00
0.01
0.00
0.03
0.02
0.00
0.04
0.03
0.01
0.01
0.02
0.02
0.00
0.01
0.00
0.04
0.00
0.00
0.01
0.04
0.00
0.01
0.00
0.02
0.01
0.01
0.02
0.00
0.00
0.00
0.01
0.01
0.03
0.00
0.01
0.01
0.00
0.01
0.01
0.01
0.02
0.02
0.01
0.01
0.02
0.00
0.00
0.01
0.01
0.01
0.00
0.00
0.00
0.01
0.05
