2.39
2.34
2.04
0.69
2.46
2.31
2.15
1.69
1.67
1.70
1.93
1.74
1.89
2.85
1.80
0.71
2.35
1.73
1.20
0.89
1.14
1.34
1.16
0.98
0.97
1.59
0.72
0.59
0.94
1.27
1.53
0.72
0.59
1.31
1.28
1.05
1.91
1.23
0.73
0.57
1.86
3.92
0.35
0.33
1.12
1.46
0.87
0.49
2.36
1.00
1.35
2.22
0.49
0.92
0.37
0.17
0.23
1.24
1.54
1.28
0.74
0.82
0.24
0.16
0.14
0.66
0.10
0.60
2.10
0.09
2.29
0.80
0.17
0.55
0.18
0.63
0.19
1.30
0.14
3.27
0.63
0.41
0.88
0.23
0.18
1.05
0.42
1.66
0.17
0.01
1.55
0.80
0.25
1.22
0.27
0.04
0.63
0.58
0.37
0.15
0.07
0.90
1.04
1.05
0.34
0.61
1.22
0.34
0.16
0.74
0.14
0.25
0.82
1.69
0.27
1.72
1.15
1.24
0.04
0.16
0.01
0.57
0.10
0.04
1.02
0.02
0.20
0.33
0.08
0.54
0.31
0.40
0.35
1.19
0.09
0.49
0.36
0.54
0.29
0.36
0.42
0.13
0.06
0.33
0.04
0.30
0.01
0.51
0.00
0.03
0.25
0.19
0.92
0.28
0.02
0.04
0.04
0.01
0.33
0.02
0.02
1.31
0.02
0.01
1.45
0.00
0.67
0.00
0.05
0.00
0.08
0.05
0.66
0.34
0.25
0.79
0.03
0.01
0.01
0.01
0.02
0.00
1.77
0.31
0.08
0.08
0.19
0.43
1.09
0.51
0.92
0.02
0.03
0.11
0.86
1.21
1.27
0.06
0.00
0.75
