19.00
38.00
72.00
91.00
125.00
144.00
178.00
197.00
231.00
250.00
284.00
303.00
337.00
356.00
390.00
409.00
443.00
462.00
496.00
515.00
549.00
568.00
602.00
621.00
655.00
674.00
708.00
727.00
761.00
780.00
814.00
833.00
867.00
886.00
920.00
939.00
973.00
992.00
1026.00
1045.00
1079.00
1098.00
1132.00
1151.00
1185.00
1204.00
1238.00
1257.00
1291.00
1310.00
1344.00
1363.00
1397.00
1416.00
1450.00
1469.00
1503.00
1522.00
1556.00
1575.00
1609.00
1628.00
1662.00
1681.00
1715.00
1734.00
1768.00
1787.00
1821.00
1840.00
1874.00
1893.00
1927.00
1946.00
1980.00
1999.00
2033.00
2052.00
2086.00
2105.00
2139.00
2158.00
2192.00
2211.00
2245.00
2264.00
2298.00
2317.00
2351.00
2370.00
2404.00
2423.00
2457.00
2476.00
2510.00
2529.00
2563.00
2582.00
2616.00
2635.00
2669.00
2688.00
2722.00
2741.00
2775.00
2794.00
2828.00
2847.00
2881.00
2900.00
2934.00
2953.00
2987.00
3006.00
3040.00
3059.00
3093.00
3112.00
3146.00
3165.00
3199.00
3218.00
3252.00
3271.00
3305.00
3324.00
3358.00
3377.00
3411.00
3430.00
3464.00
3483.00
3517.00
3536.00
3570.00
3589.00
3623.00
3642.00
3676.00
3695.00
3729.00
3748.00
3782.00
3801.00
3835.00
3854.00
3888.00
3907.00
3941.00
3960.00
3994.00
4013.00
4047.00
4066.00
4100.00
4119.00
4153.00
4172.00
4206.00
4225.00
4259.00
4278.00
4312.00
4331.00
4365.00
4384.00
4418.00
4437.00
4471.00
4490.00
4524.00
4543.00
4577.00
4596.00
4630.00
4649.00
4683.00
4702.00
4736.00
4755.00
4789.00
4808.00
4842.00
4861.00
4895.00
4914.00
4948.00
4967.00
5001.00
5020.00
5054.00
5073.00
5107.00
5126.00
5160.00
5179.00
5213.00
5232.00
5266.00
5285.00
5319.00
5338.00
5372.00
5391.00
5425.00
5444.00
5478.00
5497.00
5531.00
5550.00
5584.00
5603.00
5637.00
5656.00
5690.00
5709.00
5743.00
5762.00
5796.00
5815.00
5849.00
5868.00
5902.00
5921.00
5955.00
5974.00
6008.00
6027.00
6061.00
6080.00
6114.00
6133.00
6167.00
6186.00
6220.00
6239.00
6273.00
6292.00
6326.00
6345.00
6379.00
6398.00
6432.00
6451.00
6485.00
6504.00
6538.00
6557.00
6591.00
6610.00
6644.00
6663.00
6697.00
6716.00
6750.00
6769.00
6803.00
6822.00
6856.00
6875.00
6909.00
6928.00
6962.00
6981.00
7015.00
7034.00
7068.00
7087.00
7121.00
7140.00
7174.00
7193.00
7227.00
7246.00
7280.00
7299.00
7333.00
7352.00
7386.00
7405.00
7439.00
7458.00
7492.00
7511.00
7545.00
7564.00
7598.00
7617.00
7651.00
7670.00
7704.00
7723.00
7757.00
7776.00
7810.00
7829.00
7863.00
7882.00
7916.00
7935.00
7969.00
7988.00
8022.00
8041.00
8075.00
8094.00
8128.00
8147.00
8181.00
8200.00
8234.00
8253.00
8287.00
8306.00
8340.00
8359.00
8393.00
8412.00
8446.00
8465.00
8499.00
8518.00
8552.00
8571.00
8605.00
8624.00
8658.00
8677.00
8711.00
8730.00
8764.00
8783.00
8817.00
8836.00
8870.00
8889.00
8923.00
8942.00
8976.00
8995.00
9029.00
9048.00
9082.00
9101.00
9135.00
9154.00
9188.00
9207.00
9241.00
9260.00
9294.00
9313.00
9347.00
9366.00
9400.00
9419.00
9453.00
9472.00
9506.00
9525.00
9559.00
9578.00
9612.00
9631.00
9665.00
9684.00
9718.00
9737.00
9771.00
9790.00
9824.00
9843.00
9877.00
9896.00
9930.00
9949.00
9983.00
10002.00
10036.00
10055.00
10089.00
10108.00
10142.00
10161.00
10195.00
10214.00
10248.00
10267.00
10301.00
10320.00
10354.00
10373.00
10407.00
10426.00
10460.00
10479.00
10513.00
10532.00
10566.00
10585.00
